0.000000 0.000030
100.000000 0.000050
200.000000 0.000082
300.000000 0.000135
400.000000 0.000222
500.000000 0.000365
600.000000 0.000602
700.000000 0.000992
800.000000 0.001634
900.000000 0.002692
1000.000000 0.004434
1100.000000 0.007302
1200.000000 0.012020
1300.000000 0.019768
1400.000000 0.032450
1500.000000 0.053064
1600.000000 0.086075
1700.000000 0.137334
1800.000000 0.212346
1900.000000 0.311592
2000.000000 0.425286
2100.000000 0.534219
2200.000000 0.618252
2300.000000 0.668369
2400.000000 0.691935
2500.000000 0.701508
2600.000000 0.705152
2700.000000 0.706507
2800.000000 0.707006
2900.000000 0.707189
3000.000000 0.707257
3100.000000 0.707281
3200.000000 0.707291
3300.000000 0.707294
3400.000000 0.707295
3500.000000 0.707296
3600.000000 0.707296
3700.000000 0.707297
3800.000000 0.707297
3900.000000 0.707297
4000.000000 0.707297
4100.000000 0.707297
4200.000000 0.707298
4300.000000 0.707298
4400.000000 0.707298
4500.000000 0.707298
4600.000000 0.707299
4700.000000 0.707299
4800.000000 0.707299
4900.000000 0.707300
5000.000000 0.707300
5100.000000 0.707300
5200.000000 0.707301
5300.000000 0.707301
5400.000000 0.707302
5500.000000 0.707302
5600.000000 0.707303
5700.000000 0.707304
5800.000000 0.707304
5900.000000 0.707305
6000.000000 0.707306
6100.000000 0.707306
6200.000000 0.707307
6300.000000 0.707308
6400.000000 0.707309
6500.000000 0.707310
6600.000000 0.707311
6700.000000 0.707312
6800.000000 0.707314
6900.000000 0.707315
7000.000000 0.707316
7100.000000 0.707318
7200.000000 0.707319
7300.000000 0.707321
7400.000000 0.707323
7500.000000 0.707324
7600.000000 0.707326
7700.000000 0.707328
7800.000000 0.707331
7900.000000 0.707333
8000.000000 0.707336
8100.000000 0.707338
8200.000000 0.707341
8300.000000 0.707344
8400.000000 0.707347
8500.000000 0.707351
8600.000000 0.707354
8700.000000 0.707358
8800.000000 0.707362
8900.000000 0.707367
9000.000000 0.707371
9100.000000 0.707376
9200.000000 0.707382
9300.000000 0.707387
9400.000000 0.707393
9500.000000 0.707399
9600.000000 0.707406
9700.000000 0.707413
9800.000000 0.707421
9900.000000 0.707429
10000.000000 0.707437
10100.000000 0.707446
10200.000000 0.707456
10300.000000 0.707466
10400.000000 0.707477
10500.000000 0.707489
10600.000000 0.707501
10700.000000 0.707514
10800.000000 0.707528
10900.000000 0.707543
11000.000000 0.707559
11100.000000 0.707576
11200.000000 0.707593
11300.000000 0.707612
11400.000000 0.707632
11500.000000 0.707654
11600.000000 0.707676
11700.000000 0.707701
11800.000000 0.707726
11900.000000 0.707754
12000.000000 0.707783
12100.000000 0.707813
12200.000000 0.707846
12300.000000 0.707881
12400.000000 0.707918
12500.000000 0.707957
12600.000000 0.707999
12700.000000 0.708044
12800.000000 0.708091
12900.000000 0.708141
13000.000000 0.708195
13100.000000 0.708251
13200.000000 0.708312
13300.000000 0.708376
13400.000000 0.708444
13500.000000 0.708517
13600.000000 0.708594
13700.000000 0.708676
13800.000000 0.708763
13900.000000 0.708855
14000.000000 0.708954
14100.000000 0.709058
14200.000000 0.709170
14300.000000 0.709288
14400.000000 0.709414
14500.000000 0.709547
14600.000000 0.709689
14700.000000 0.709840
14800.000000 0.710001
14900.000000 0.710171
15000.000000 0.710352
15100.000000 0.710545
15200.000000 0.710750
15300.000000 0.710967
15400.000000 0.711198
15500.000000 0.711444
15600.000000 0.711705
15700.000000 0.711983
15800.000000 0.712277
15900.000000 0.712591
16000.000000 0.712923
16100.000000 0.713277
16200.000000 0.713652
16300.000000 0.714051
16400.000000 0.714475
16500.000000 0.714925
16600.000000 0.715403
16700.000000 0.715910
16800.000000 0.716448
16900.000000 0.717020
17000.000000 0.717627
17100.000000 0.718271
17200.000000 0.718954
17300.000000 0.719679
17400.000000 0.720449
17500.000000 0.721264
17600.000000 0.722129
17700.000000 0.723046
17800.000000 0.724018
17900.000000 0.725047
18000.000000 0.726138
18100.000000 0.727293
18200.000000 0.728516
18300.000000 0.729809
18400.000000 0.731178
18500.000000 0.732625
18600.000000 0.734155
18700.000000 0.735770
18800.000000 0.737476
18900.000000 0.739277
19000.000000 0.741175
19100.000000 0.743176
19200.000000 0.745283
19300.000000 0.747500
19400.000000 0.749832
19500.000000 0.752282
19600.000000 0.754854
19700.000000 0.757551
19800.000000 0.760376
19900.000000 0.763333
20000.000000 0.766425
20100.000000 0.769653
20200.000000 0.773021
20300.000000 0.776529
20400.000000 0.780178
20500.000000 0.783971
20600.000000 0.787907
20700.000000 0.791986
20800.000000 0.796208
20900.000000 0.800572
21000.000000 0.805075
21100.000000 0.809717
21200.000000 0.814494
21300.000000 0.819404
21400.000000 0.824443
21500.000000 0.829606
21600.000000 0.834889
21700.000000 0.840287
21800.000000 0.845793
21900.000000 0.851402
22000.000000 0.857107
22100.000000 0.862899
22200.000000 0.868771
22300.000000 0.874715
22400.000000 0.880721
22500.000000 0.886780
22600.000000 0.892882
22700.000000 0.899016
22800.000000 0.905173
22900.000000 0.911339
23000.000000 0.917506
23100.000000 0.923660
23200.000000 0.929790
23300.000000 0.935886
23400.000000 0.941934
23500.000000 0.947924
23600.000000 0.953845
23700.000000 0.959686
23800.000000 0.965437
23900.000000 0.971088
24000.000000 0.976629
24100.000000 0.982053
24200.000000 0.987352
24300.000000 0.992518
24400.000000 0.997545
24500.000000 1.002429
24600.000000 1.007164
24700.000000 1.011747
24800.000000 1.016175
24900.000000 1.020447
25000.000000 1.024562
25100.000000 1.028518
25200.000000 1.032317
25300.000000 1.035960
25400.000000 1.039449
25500.000000 1.042787
25600.000000 1.045975
25700.000000 1.049020
25800.000000 1.051923
25900.000000 1.054690
26000.000000 1.057326
26100.000000 1.059836
26200.000000 1.062225
26300.000000 1.064498
26400.000000 1.066661
26500.000000 1.068719
26600.000000 1.070678
26700.000000 1.072542
26800.000000 1.074317
26900.000000 1.076009
27000.000000 1.077621
27100.000000 1.079158
27200.000000 1.080626
27300.000000 1.082027
27400.000000 1.083365
27500.000000 1.084646
27600.000000 1.085871
27700.000000 1.087045
27800.000000 1.088170
27900.000000 1.089250
28000.000000 1.090286
28100.000000 1.091282
28200.000000 1.092240
28300.000000 1.093161
28400.000000 1.094049
28500.000000 1.094904
28600.000000 1.095729
28700.000000 1.096526
28800.000000 1.097294
28900.000000 1.098037
29000.000000 1.098756
29100.000000 1.099452
29200.000000 1.100125
29300.000000 1.100778
29400.000000 1.101411
29500.000000 1.102026
29600.000000 1.102623
29700.000000 1.103204
29800.000000 1.103769
29900.000000 1.104319
30000.000000 1.104855
30100.000000 1.105379
30200.000000 1.105890
30300.000000 1.106390
30400.000000 1.106879
30500.000000 1.107358
30600.000000 1.107827
30700.000000 1.108288
30800.000000 1.108740
30900.000000 1.109185
31000.000000 1.109623
31100.000000 1.110055
31200.000000 1.110480
31300.000000 1.110899
31400.000000 1.111313
31500.000000 1.111722
31600.000000 1.112126
31700.000000 1.112526
31800.000000 1.112921
31900.000000 1.113312
32000.000000 1.113699
32100.000000 1.114082
32200.000000 1.114462
32300.000000 1.114838
32400.000000 1.115210
32500.000000 1.115579
32600.000000 1.115944
32700.000000 1.116306
32800.000000 1.116665
32900.000000 1.117021
33000.000000 1.117373
33100.000000 1.117723
33200.000000 1.118069
33300.000000 1.118413
33400.000000 1.118754
33500.000000 1.119092
33600.000000 1.119427
33700.000000 1.119760
33800.000000 1.120091
33900.000000 1.120420
34000.000000 1.120747
34100.000000 1.121071
34200.000000 1.121394
34300.000000 1.121716
34400.000000 1.122036
34500.000000 1.122356
34600.000000 1.122674
34700.000000 1.122992
34800.000000 1.123309
34900.000000 1.123626
35000.000000 1.123942
35100.000000 1.124259
35200.000000 1.124576
35300.000000 1.124894
35400.000000 1.125212
35500.000000 1.125531
35600.000000 1.125850
35700.000000 1.126170
35800.000000 1.126491
35900.000000 1.126813
36000.000000 1.127136
36100.000000 1.127460
36200.000000 1.127784
36300.000000 1.128110
36400.000000 1.128436
36500.000000 1.128763
36600.000000 1.129091
36700.000000 1.129419
36800.000000 1.129748
36900.000000 1.130077
37000.000000 1.130407
37100.000000 1.130738
37200.000000 1.131069
37300.000000 1.131401
37400.000000 1.131733
37500.000000 1.132065
37600.000000 1.132398
37700.000000 1.132731
37800.000000 1.133065
37900.000000 1.133399
38000.000000 1.133733
38100.000000 1.134068
38200.000000 1.134402
38300.000000 1.134737
38400.000000 1.135072
38500.000000 1.135407
38600.000000 1.135742
38700.000000 1.136077
38800.000000 1.136411
38900.000000 1.136746
39000.000000 1.137081
39100.000000 1.137415
39200.000000 1.137750
39300.000000 1.138084
39400.000000 1.138417
39500.000000 1.138751
39600.000000 1.139083
39700.000000 1.139415
39800.000000 1.139746
39900.000000 1.140076
40000.000000 1.140404
40100.000000 1.140732
40200.000000 1.141058
40300.000000 1.141382
40400.000000 1.141705
40500.000000 1.142025
40600.000000 1.142344
40700.000000 1.142661
40800.000000 1.142976
40900.000000 1.143288
41000.000000 1.143599
41100.000000 1.143907
41200.000000 1.144213
41300.000000 1.144517
41400.000000 1.144818
41500.000000 1.145117
41600.000000 1.145414
41700.000000 1.145709
41800.000000 1.146001
41900.000000 1.146291
42000.000000 1.146579
42100.000000 1.146864
42200.000000 1.147147
42300.000000 1.147428
42400.000000 1.147706
42500.000000 1.147982
42600.000000 1.148256
42700.000000 1.148528
42800.000000 1.148797
42900.000000 1.149064
43000.000000 1.149328
43100.000000 1.149590
43200.000000 1.149850
43300.000000 1.150107
43400.000000 1.150362
43500.000000 1.150614
43600.000000 1.150864
43700.000000 1.151112
43800.000000 1.151357
43900.000000 1.151600
44000.000000 1.151840
44100.000000 1.152077
44200.000000 1.152312
44300.000000 1.152545
44400.000000 1.152775
44500.000000 1.153002
44600.000000 1.153226
44700.000000 1.153448
44800.000000 1.153668
44900.000000 1.153884
45000.000000 1.154099
45100.000000 1.154310
45200.000000 1.154519
45300.000000 1.154725
45400.000000 1.154929
45500.000000 1.155131
45600.000000 1.155330
45700.000000 1.155527
45800.000000 1.155721
45900.000000 1.155913
46000.000000 1.156103
46100.000000 1.156291
46200.000000 1.156476
46300.000000 1.156659
46400.000000 1.156841
46500.000000 1.157020
46600.000000 1.157197
46700.000000 1.157372
46800.000000 1.157545
46900.000000 1.157716
47000.000000 1.157886
47100.000000 1.158053
47200.000000 1.158219
47300.000000 1.158382
47400.000000 1.158544
47500.000000 1.158704
47600.000000 1.158862
47700.000000 1.159019
47800.000000 1.159174
47900.000000 1.159327
48000.000000 1.159478
48100.000000 1.159627
48200.000000 1.159775
48300.000000 1.159922
48400.000000 1.160066
48500.000000 1.160209
48600.000000 1.160351
48700.000000 1.160491
48800.000000 1.160629
48900.000000 1.160766
49000.000000 1.160901
49100.000000 1.161034
49200.000000 1.161166
49300.000000 1.161296
49400.000000 1.161425
49500.000000 1.161552
49600.000000 1.161678
49700.000000 1.161802
49800.000000 1.161924
49900.000000 1.162045
50000.000000 1.162165
50100.000000 1.162282
50200.000000 1.162399
50300.000000 1.162513
50400.000000 1.162626
50500.000000 1.162738
50600.000000 1.162848
50700.000000 1.162957
50800.000000 1.163064
50900.000000 1.163170
51000.000000 1.163275
51100.000000 1.163378
51200.000000 1.163479
51300.000000 1.163580
51400.000000 1.163679
51500.000000 1.163777
51600.000000 1.163873
51700.000000 1.163969
51800.000000 1.164063
51900.000000 1.164156
52000.000000 1.164248
52100.000000 1.164340
52200.000000 1.164430
52300.000000 1.164520
52400.000000 1.164608
52500.000000 1.164697
52600.000000 1.164784
52700.000000 1.164872
52800.000000 1.164959
52900.000000 1.165046
53000.000000 1.165133
53100.000000 1.165220
53200.000000 1.165307
53300.000000 1.165395
53400.000000 1.165484
53500.000000 1.165574
53600.000000 1.165665
53700.000000 1.165757
53800.000000 1.165850
53900.000000 1.165945
54000.000000 1.166042
54100.000000 1.166140
54200.000000 1.166240
54300.000000 1.166343
54400.000000 1.166447
54500.000000 1.166554
54600.000000 1.166663
54700.000000 1.166773
54800.000000 1.166886
54900.000000 1.167001
55000.000000 1.167118
55100.000000 1.167236
55200.000000 1.167357
55300.000000 1.167479
55400.000000 1.167603
55500.000000 1.167728
55600.000000 1.167855
55700.000000 1.167983
55800.000000 1.168112
55900.000000 1.168243
56000.000000 1.168375
56100.000000 1.168509
56200.000000 1.168643
56300.000000 1.168778
56400.000000 1.168915
56500.000000 1.169052
56600.000000 1.169191
56700.000000 1.169330
56800.000000 1.169470
56900.000000 1.169611
57000.000000 1.169753
57100.000000 1.169896
57200.000000 1.170040
57300.000000 1.170184
57400.000000 1.170329
57500.000000 1.170475
57600.000000 1.170621
57700.000000 1.170768
57800.000000 1.170915
57900.000000 1.171062
58000.000000 1.171209
58100.000000 1.171356
58200.000000 1.171504
58300.000000 1.171651
58400.000000 1.171797
58500.000000 1.171944
58600.000000 1.172089
58700.000000 1.172235
58800.000000 1.172380
58900.000000 1.172524
59000.000000 1.172667
59100.000000 1.172810
59200.000000 1.172953
59300.000000 1.173094
59400.000000 1.173235
59500.000000 1.173376
59600.000000 1.173516
59700.000000 1.173655
59800.000000 1.173794
59900.000000 1.173932
60000.000000 1.174070
60100.000000 1.174208
60200.000000 1.174345
60300.000000 1.174481
60400.000000 1.174618
60500.000000 1.174754
60600.000000 1.174890
60700.000000 1.175025
60800.000000 1.175161
60900.000000 1.175296
61000.000000 1.175432
61100.000000 1.175567
61200.000000 1.175703
61300.000000 1.175838
61400.000000 1.175973
61500.000000 1.176109
61600.000000 1.176245
61700.000000 1.176381
61800.000000 1.176517
61900.000000 1.176653
62000.000000 1.176790
62100.000000 1.176927
62200.000000 1.177064
62300.000000 1.177202
62400.000000 1.177340
62500.000000 1.177479
62600.000000 1.177618
62700.000000 1.177757
62800.000000 1.177897
62900.000000 1.178038
63000.000000 1.178178
63100.000000 1.178320
63200.000000 1.178462
63300.000000 1.178605
63400.000000 1.178748
63500.000000 1.178892
63600.000000 1.179036
63700.000000 1.179181
63800.000000 1.179327
63900.000000 1.179473
64000.000000 1.179619
64100.000000 1.179767
64200.000000 1.179914
64300.000000 1.180063
64400.000000 1.180212
64500.000000 1.180361
64600.000000 1.180511
64700.000000 1.180661
64800.000000 1.180812
64900.000000 1.180963
65000.000000 1.181114
65100.000000 1.181266
65200.000000 1.181418
65300.000000 1.181570
65400.000000 1.181722
65500.000000 1.181875
65600.000000 1.182028
65700.000000 1.182180
65800.000000 1.182333
65900.000000 1.182486
66000.000000 1.182639
66100.000000 1.182792
66200.000000 1.182944
66300.000000 1.183097
66400.000000 1.183250
66500.000000 1.183402
66600.000000 1.183555
66700.000000 1.183707
66800.000000 1.183859
66900.000000 1.184011
67000.000000 1.184163
67100.000000 1.184314
67200.000000 1.184465
67300.000000 1.184616
67400.000000 1.184766
67500.000000 1.184916
67600.000000 1.185065
67700.000000 1.185213
67800.000000 1.185361
67900.000000 1.185509
68000.000000 1.185655
68100.000000 1.185801
68200.000000 1.185947
68300.000000 1.186091
68400.000000 1.186235
68500.000000 1.186378
68600.000000 1.186521
68700.000000 1.186662
68800.000000 1.186803
68900.000000 1.186943
69000.000000 1.187082
69100.000000 1.187221
69200.000000 1.187358
69300.000000 1.187495
69400.000000 1.187631
69500.000000 1.187766
69600.000000 1.187900
69700.000000 1.188033
69800.000000 1.188165
69900.000000 1.188296
70000.000000 1.188427
70100.000000 1.188556
70200.000000 1.188684
70300.000000 1.188811
70400.000000 1.188938
70500.000000 1.189063
70600.000000 1.189187
70700.000000 1.189311
70800.000000 1.189433
70900.000000 1.189554
71000.000000 1.189674
71100.000000 1.189794
71200.000000 1.189912
71300.000000 1.190029
71400.000000 1.190145
71500.000000 1.190260
71600.000000 1.190375
71700.000000 1.190488
71800.000000 1.190599
71900.000000 1.190710
72000.000000 1.190820
72100.000000 1.190929
72200.000000 1.191036
72300.000000 1.191143
72400.000000 1.191248
72500.000000 1.191353
72600.000000 1.191456
72700.000000 1.191558
72800.000000 1.191659
72900.000000 1.191758
73000.000000 1.191857
73100.000000 1.191954
73200.000000 1.192051
73300.000000 1.192146
73400.000000 1.192240
73500.000000 1.192333
73600.000000 1.192425
73700.000000 1.192516
73800.000000 1.192606
73900.000000 1.192694
74000.000000 1.192782
74100.000000 1.192869
74200.000000 1.192954
74300.000000 1.193039
74400.000000 1.193123
74500.000000 1.193206
74600.000000 1.193288
74700.000000 1.193369
74800.000000 1.193449
74900.000000 1.193528
75000.000000 1.193607
75100.000000 1.193684
75200.000000 1.193761
75300.000000 1.193837
75400.000000 1.193912
75500.000000 1.193986
75600.000000 1.194060
75700.000000 1.194132
75800.000000 1.194204
75900.000000 1.194275
76000.000000 1.194345
76100.000000 1.194414
76200.000000 1.194483
76300.000000 1.194551
76400.000000 1.194618
76500.000000 1.194684
76600.000000 1.194750
76700.000000 1.194814
76800.000000 1.194878
76900.000000 1.194941
77000.000000 1.195004
77100.000000 1.195066
77200.000000 1.195127
77300.000000 1.195187
77400.000000 1.195246
77500.000000 1.195305
77600.000000 1.195364
77700.000000 1.195421
77800.000000 1.195478
77900.000000 1.195534
78000.000000 1.195589
78100.000000 1.195644
78200.000000 1.195698
78300.000000 1.195752
78400.000000 1.195805
78500.000000 1.195857
78600.000000 1.195909
78700.000000 1.195960
78800.000000 1.196010
78900.000000 1.196060
79000.000000 1.196110
79100.000000 1.196158
79200.000000 1.196206
79300.000000 1.196254
79400.000000 1.196301
79500.000000 1.196348
79600.000000 1.196394
79700.000000 1.196439
79800.000000 1.196484
79900.000000 1.196528
80000.000000 1.196572
80100.000000 1.196616
80200.000000 1.196658
80300.000000 1.196701
80400.000000 1.196743
80500.000000 1.196784
80600.000000 1.196825
80700.000000 1.196866
80800.000000 1.196906
80900.000000 1.196946
81000.000000 1.196985
81100.000000 1.197024
81200.000000 1.197062
81300.000000 1.197100
81400.000000 1.197138
81500.000000 1.197175
81600.000000 1.197212
81700.000000 1.197249
81800.000000 1.197285
81900.000000 1.197321
82000.000000 1.197357
82100.000000 1.197393
82200.000000 1.197428
82300.000000 1.197463
82400.000000 1.197497
82500.000000 1.197532
82600.000000 1.197566
82700.000000 1.197600
82800.000000 1.197634
82900.000000 1.197667
83000.000000 1.197700
83100.000000 1.197733
83200.000000 1.197766
83300.000000 1.197798
83400.000000 1.197830
83500.000000 1.197862
83600.000000 1.197894
83700.000000 1.197925
83800.000000 1.197956
83900.000000 1.197987
84000.000000 1.198018
84100.000000 1.198048
84200.000000 1.198078
84300.000000 1.198108
84400.000000 1.198137
84500.000000 1.198166
84600.000000 1.198195
84700.000000 1.198224
84800.000000 1.198252
84900.000000 1.198280
85000.000000 1.198308
85100.000000 1.198336
85200.000000 1.198363
85300.000000 1.198390
85400.000000 1.198417
85500.000000 1.198443
85600.000000 1.198469
85700.000000 1.198495
85800.000000 1.198520
85900.000000 1.198546
86000.000000 1.198570
86100.000000 1.198595
86200.000000 1.198619
86300.000000 1.198643
86400.000000 1.198667
86500.000000 1.198690
86600.000000 1.198713
86700.000000 1.198735
86800.000000 1.198758
86900.000000 1.198779
87000.000000 1.198801
87100.000000 1.198822
87200.000000 1.198843
87300.000000 1.198864
87400.000000 1.198884
87500.000000 1.198905
87600.000000 1.198924
87700.000000 1.198944
87800.000000 1.198963
87900.000000 1.198982
88000.000000 1.199001
88100.000000 1.199019
88200.000000 1.199037
88300.000000 1.199055
88400.000000 1.199073
88500.000000 1.199091
88600.000000 1.199108
88700.000000 1.199125
88800.000000 1.199142
88900.000000 1.199159
89000.000000 1.199175
89100.000000 1.199192
89200.000000 1.199208
89300.000000 1.199224
89400.000000 1.199240
89500.000000 1.199255
89600.000000 1.199271
89700.000000 1.199286
89800.000000 1.199301
89900.000000 1.199316
90000.000000 1.199331
90100.000000 1.199346
90200.000000 1.199360
90300.000000 1.199375
90400.000000 1.199389
90500.000000 1.199403
90600.000000 1.199416
90700.000000 1.199430
90800.000000 1.199443
90900.000000 1.199456
91000.000000 1.199469
91100.000000 1.199481
91200.000000 1.199493
91300.000000 1.199505
91400.000000 1.199517
91500.000000 1.199529
91600.000000 1.199540
91700.000000 1.199551
91800.000000 1.199561
91900.000000 1.199571
92000.000000 1.199581
92100.000000 1.199591
92200.000000 1.199600
92300.000000 1.199609
92400.000000 1.199618
92500.000000 1.199627
92600.000000 1.199635
92700.000000 1.199642
92800.000000 1.199650
92900.000000 1.199657
93000.000000 1.199664
93100.000000 1.199670
93200.000000 1.199676
93300.000000 1.199682
93400.000000 1.199688
93500.000000 1.199693
93600.000000 1.199697
93700.000000 1.199702
93800.000000 1.199706
93900.000000 1.199710
94000.000000 1.199713
94100.000000 1.199716
94200.000000 1.199719
94300.000000 1.199721
94400.000000 1.199723
94500.000000 1.199725
94600.000000 1.199727
94700.000000 1.199728
94800.000000 1.199728
94900.000000 1.199729
95000.000000 1.199729
95100.000000 1.199728
95200.000000 1.199727
95300.000000 1.199726
95400.000000 1.199725
95500.000000 1.199723
95600.000000 1.199721
95700.000000 1.199719
95800.000000 1.199716
95900.000000 1.199713
96000.000000 1.199709
96100.000000 1.199705
96200.000000 1.199701
96300.000000 1.199696
96400.000000 1.199691
96500.000000 1.199686
96600.000000 1.199681
96700.000000 1.199674
96800.000000 1.199668
96900.000000 1.199661
97000.000000 1.199654
97100.000000 1.199647
97200.000000 1.199639
97300.000000 1.199631
97400.000000 1.199622
97500.000000 1.199613
97600.000000 1.199604
97700.000000 1.199594
97800.000000 1.199584
97900.000000 1.199573
98000.000000 1.199562
98100.000000 1.199551
98200.000000 1.199539
98300.000000 1.199527
98400.000000 1.199515
98500.000000 1.199502
98600.000000 1.199488
98700.000000 1.199475
98800.000000 1.199460
98900.000000 1.199446
99000.000000 1.199430
99100.000000 1.199415
99200.000000 1.199399
99300.000000 1.199382
99400.000000 1.199365
99500.000000 1.199347
99600.000000 1.199329
99700.000000 1.199311
99800.000000 1.199292
99900.000000 1.199272
