885.0000
500.0000
2289.0000
853.0000
419.0000
285.0000
1089.0000
523.0000
514.0000
1447.0000
768.0000
830.0000
563.0000
625.0000
878.0000
749.0000
875.0000
1233.0000
1093.0000
916.0000
406.0000
1140.0000
304.0000
1011.0000
950.0000
426.0000
654.0000
1252.0000
490.0000
2092.0000
903.0000
294.0000
685.0000
312.0000
437.0000
800.0000
698.0000
1343.0000
4726.0000
688.0000
1400.0000
1388.0000
948.0000
1661.0000
679.0000
1282.0000
310.0000
761.0000
330.0000
2128.0000
1732.0000
243.0000
721.0000
367.0000
1352.0000
539.0000
1234.0000
502.0000
1629.0000
326.0000
1579.0000
456.0000
361.0000
687.0000
844.0000
2110.0000
496.0000
198.0000
449.0000
546.0000
1252.0000
643.0000
338.0000
852.0000
744.0000
2016.0000
156.0000
864.0000
655.0000
865.0000
741.0000
185.0000
1380.0000
449.0000
516.0000
836.0000
3447.0000
1276.0000
878.0000
316.0000
672.0000
639.0000
307.0000
187.0000
388.0000
366.0000
659.0000
697.0000
1032.0000
291.0000
