553.0000
600.0000
598.0000
339.0000
1524.0000
306.0000
494.0000
3570.0000
2042.0000
849.0000
1234.0000
224.0000
952.0000
1149.0000
408.0000
299.0000
1120.0000
532.0000
452.0000
355.0000
926.0000
413.0000
3322.0000
207.0000
849.0000
512.0000
1012.0000
478.0000
550.0000
155.0000
768.0000
329.0000
916.0000
193.0000
535.0000
546.0000
629.0000
889.0000
511.0000
333.0000
441.0000
240.0000
1832.0000
250.0000
408.0000
2106.0000
878.0000
549.0000
868.0000
227.0000
600.0000
411.0000
852.0000
376.0000
2158.0000
397.0000
719.0000
313.0000
549.0000
716.0000
1032.0000
318.0000
353.0000
564.0000
1163.0000
645.0000
595.0000
1022.0000
288.0000
234.0000
402.0000
528.0000
491.0000
493.0000
760.0000
337.0000
441.0000
1503.0000
672.0000
1043.0000
735.0000
1033.0000
394.0000
560.0000
249.0000
713.0000
964.0000
1437.0000
514.0000
1556.0000
1541.0000
797.0000
829.0000
533.0000
2506.0000
1212.0000
1598.0000
1626.0000
135.0000
352.0000
538.0000
445.0000
294.0000
802.0000
505.0000
353.0000
995.0000
763.0000
255.0000
807.0000
648.0000
228.0000
594.0000
460.0000
3734.0000
587.0000
602.0000
725.0000
464.0000
884.0000
500.0000
724.0000
1188.0000
416.0000
1308.0000
900.0000
392.0000
395.0000
871.0000
475.0000
1079.0000
1155.0000
1172.0000
487.0000
899.0000
257.0000
572.0000
3472.0000
279.0000
287.0000
506.0000
385.0000
654.0000
866.0000
180.0000
536.0000
541.0000
551.0000
363.0000
492.0000
591.0000
926.0000
300.0000
1556.0000
1678.0000
382.0000
3059.0000
1047.0000
1200.0000
2257.0000
901.0000
572.0000
834.0000
334.0000
846.0000
621.0000
300.0000
601.0000
901.0000
1816.0000
529.0000
417.0000
1669.0000
646.0000
1317.0000
852.0000
2688.0000
381.0000
595.0000
937.0000
308.0000
309.0000
368.0000
164.0000
1719.0000
551.0000
976.0000
1046.0000
1314.0000
999.0000
429.0000
781.0000
145.0000
1198.0000
1849.0000
256.0000
1068.0000
