656.0000
531.0000
773.0000
247.0000
1678.0000
816.0000
428.0000
1608.0000
1021.0000
390.0000
147.0000
1510.0000
1117.0000
1227.0000
932.0000
1475.0000
244.0000
1364.0000
592.0000
598.0000
290.0000
159.0000
511.0000
1928.0000
1280.0000
1217.0000
562.0000
323.0000
322.0000
378.0000
661.0000
241.0000
949.0000
805.0000
1452.0000
1725.0000
572.0000
779.0000
1522.0000
1457.0000
1026.0000
384.0000
393.0000
553.0000
2082.0000
1023.0000
3073.0000
1436.0000
872.0000
932.0000
531.0000
829.0000
431.0000
313.0000
798.0000
510.0000
237.0000
516.0000
532.0000
1454.0000
372.0000
486.0000
450.0000
1067.0000
1634.0000
835.0000
445.0000
501.0000
1379.0000
346.0000
1303.0000
1404.0000
567.0000
1699.0000
482.0000
883.0000
999.0000
784.0000
1509.0000
209.0000
756.0000
168.0000
147.0000
741.0000
373.0000
1197.0000
1734.0000
265.0000
919.0000
2847.0000
3087.0000
667.0000
765.0000
553.0000
102.0000
441.0000
632.0000
951.0000
