521.0000
619.0000
1320.0000
498.0000
380.0000
795.0000
535.0000
1081.0000
1539.0000
1982.0000
2145.0000
1972.0000
757.0000
296.0000
1761.0000
432.0000
918.0000
2446.0000
404.0000
385.0000
1293.0000
2545.0000
872.0000
596.0000
592.0000
213.0000
350.0000
613.0000
294.0000
419.0000
1237.0000
939.0000
1271.0000
1719.0000
771.0000
1201.0000
1020.0000
1117.0000
574.0000
878.0000
635.0000
404.0000
560.0000
608.0000
332.0000
750.0000
422.0000
1770.0000
548.0000
727.0000
2306.0000
270.0000
638.0000
508.0000
2242.0000
471.0000
1035.0000
652.0000
514.0000
1838.0000
454.0000
534.0000
869.0000
647.0000
760.0000
320.0000
1205.0000
1273.0000
1119.0000
463.0000
262.0000
339.0000
1279.0000
604.0000
371.0000
971.0000
442.0000
1016.0000
419.0000
301.0000
1379.0000
1792.0000
1143.0000
737.0000
952.0000
549.0000
998.0000
509.0000
502.0000
1043.0000
439.0000
920.0000
1099.0000
912.0000
996.0000
841.0000
1136.0000
717.0000
677.0000
880.0000
1943.0000
842.0000
1317.0000
959.0000
445.0000
549.0000
1328.0000
668.0000
1053.0000
1235.0000
648.0000
965.0000
798.0000
844.0000
431.0000
410.0000
700.0000
515.0000
4245.0000
1047.0000
704.0000
455.0000
287.0000
2536.0000
1990.0000
274.0000
751.0000
1040.0000
961.0000
324.0000
646.0000
438.0000
781.0000
773.0000
773.0000
412.0000
1160.0000
780.0000
391.0000
608.0000
1585.0000
1723.0000
580.0000
1405.0000
1068.0000
2203.0000
496.0000
1976.0000
1656.0000
422.0000
481.0000
963.0000
491.0000
1578.0000
423.0000
771.0000
672.0000
413.0000
1382.0000
665.0000
518.0000
1054.0000
1246.0000
369.0000
891.0000
351.0000
503.0000
248.0000
474.0000
321.0000
617.0000
1715.0000
748.0000
515.0000
883.0000
634.0000
406.0000
549.0000
1444.0000
1058.0000
252.0000
1213.0000
612.0000
459.0000
894.0000
1426.0000
266.0000
968.0000
2056.0000
433.0000
510.0000
827.0000
549.0000
202.0000
483.0000
671.0000
