1348.0000
965.0000
411.0000
212.0000
707.0000
1000.0000
651.0000
679.0000
984.0000
745.0000
906.0000
1156.0000
930.0000
608.0000
854.0000
597.0000
327.0000
484.0000
440.0000
1810.0000
425.0000
342.0000
348.0000
184.0000
1534.0000
748.0000
1058.0000
1066.0000
512.0000
459.0000
993.0000
490.0000
549.0000
545.0000
911.0000
887.0000
1635.0000
605.0000
903.0000
388.0000
1453.0000
261.0000
310.0000
1306.0000
1623.0000
824.0000
1089.0000
1204.0000
674.0000
151.0000
1551.0000
469.0000
352.0000
946.0000
579.0000
214.0000
999.0000
1607.0000
386.0000
659.0000
610.0000
1877.0000
680.0000
776.0000
375.0000
382.0000
895.0000
305.0000
1429.0000
678.0000
565.0000
693.0000
243.0000
402.0000
521.0000
751.0000
960.0000
1375.0000
1832.0000
904.0000
698.0000
618.0000
961.0000
319.0000
454.0000
372.0000
1035.0000
1685.0000
340.0000
772.0000
396.0000
994.0000
742.0000
762.0000
1183.0000
533.0000
943.0000
620.0000
656.0000
