438.0000
1380.0000
728.0000
460.0000
500.0000
710.0000
254.0000
862.0000
616.0000
904.0000
441.0000
805.0000
373.0000
430.0000
688.0000
412.0000
1931.0000
741.0000
1332.0000
735.0000
1807.0000
318.0000
278.0000
400.0000
415.0000
274.0000
447.0000
234.0000
514.0000
362.0000
2421.0000
1127.0000
577.0000
1575.0000
971.0000
219.0000
570.0000
682.0000
901.0000
516.0000
1292.0000
1146.0000
821.0000
468.0000
550.0000
1320.0000
993.0000
448.0000
223.0000
1996.0000
952.0000
761.0000
286.0000
1262.0000
376.0000
1392.0000
952.0000
244.0000
424.0000
1013.0000
1323.0000
249.0000
319.0000
917.0000
460.0000
518.0000
1066.0000
396.0000
2255.0000
272.0000
248.0000
404.0000
741.0000
923.0000
222.0000
1779.0000
344.0000
815.0000
559.0000
1157.0000
124.0000
304.0000
768.0000
399.0000
595.0000
382.0000
359.0000
198.0000
698.0000
252.0000
742.0000
1543.0000
1415.0000
1133.0000
405.0000
1376.0000
715.0000
380.0000
563.0000
