298.0000
3137.0000
378.0000
535.0000
1211.0000
250.0000
329.0000
512.0000
643.0000
161.0000
703.0000
593.0000
1569.0000
751.0000
715.0000
453.0000
802.0000
672.0000
1338.0000
552.0000
1749.0000
2297.0000
194.0000
1213.0000
786.0000
608.0000
1142.0000
450.0000
865.0000
755.0000
823.0000
286.0000
981.0000
440.0000
2126.0000
1119.0000
440.0000
1956.0000
1254.0000
803.0000
1212.0000
334.0000
1272.0000
669.0000
235.0000
459.0000
918.0000
525.0000
376.0000
620.0000
239.0000
2030.0000
879.0000
2391.0000
808.0000
273.0000
896.0000
596.0000
413.0000
900.0000
417.0000
878.0000
237.0000
414.0000
732.0000
365.0000
875.0000
1405.0000
1234.0000
1090.0000
1910.0000
1388.0000
503.0000
620.0000
2098.0000
306.0000
290.0000
561.0000
470.0000
203.0000
228.0000
1218.0000
1044.0000
1115.0000
924.0000
252.0000
481.0000
193.0000
935.0000
741.0000
2017.0000
934.0000
683.0000
654.0000
513.0000
426.0000
664.0000
881.0000
252.0000
