1.0000 6651.0000
1.0005 6645.0000
1.0010 6640.0000
1.0015 6634.0000
1.0020 6628.0000
1.0025 6623.0000
1.0030 6617.0000
1.0035 6611.0000
1.0040 6606.0000
1.0045 6600.0000
1.0050 6595.0000
1.0055 6589.0000
1.0060 6583.0000
1.0065 6578.0000
1.0070 6572.0000
1.0075 6567.0000
1.0080 6561.0000
1.0085 6555.0000
1.0090 6550.0000
1.0095 6544.0000
1.0100 6539.0000
1.0105 6533.0000
1.0110 6528.0000
1.0115 6522.0000
1.0120 6516.0000
1.0125 6511.0000
1.0130 6505.0000
1.0135 6500.0000
1.0140 6494.0000
1.0145 6489.0000
1.0150 6483.0000
1.0155 6478.0000
1.0160 6472.0000
1.0165 6467.0000
1.0170 6461.0000
1.0175 6456.0000
1.0180 6450.0000
1.0185 6445.0000
1.0190 6439.0000
1.0195 6434.0000
1.0200 6428.0000
1.0205 6423.0000
1.0210 6417.0000
1.0215 6412.0000
1.0220 6406.0000
1.0225 6401.0000
1.0230 6395.0000
1.0235 6390.0000
1.0240 6384.0000
1.0245 6379.0000
1.0250 6374.0000
1.0255 6368.0000
1.0260 6363.0000
1.0265 6357.0000
1.0270 6352.0000
1.0275 6346.0000
1.0280 6341.0000
1.0285 6336.0000
1.0290 6330.0000
1.0295 6325.0000
1.0300 6319.0000
1.0305 6314.0000
1.0310 6309.0000
1.0315 6303.0000
1.0320 6298.0000
1.0325 6293.0000
1.0330 6287.0000
1.0335 6282.0000
1.0340 6276.0000
1.0345 6271.0000
1.0350 6266.0000
1.0355 6260.0000
1.0360 6255.0000
1.0365 6250.0000
1.0370 6244.0000
1.0375 6239.0000
1.0380 6234.0000
1.0385 6228.0000
1.0390 6223.0000
1.0395 6218.0000
1.0400 6213.0000
1.0405 6207.0000
1.0410 6202.0000
1.0415 6197.0000
1.0420 6191.0000
1.0425 6186.0000
1.0430 6181.0000
1.0435 6175.0000
1.0440 6170.0000
1.0445 6165.0000
1.0450 6160.0000
1.0455 6154.0000
1.0460 6149.0000
1.0465 6144.0000
1.0470 6139.0000
1.0475 6133.0000
1.0480 6128.0000
1.0485 6123.0000
1.0490 6118.0000
1.0495 6112.0000
1.0500 6107.0000
1.0505 6102.0000
1.0510 6097.0000
1.0515 6092.0000
1.0520 6086.0000
1.0525 6081.0000
1.0530 6076.0000
1.0535 6071.0000
1.0540 6066.0000
1.0545 6060.0000
1.0550 6055.0000
1.0555 6050.0000
1.0560 6045.0000
1.0565 6040.0000
1.0570 6034.0000
1.0575 6029.0000
1.0580 6024.0000
1.0585 6019.0000
1.0590 6014.0000
1.0595 6009.0000
1.0600 6004.0000
1.0605 5998.0000
1.0610 5993.0000
1.0615 5988.0000
1.0620 5983.0000
1.0625 5978.0000
1.0630 5973.0000
1.0635 5968.0000
1.0640 5963.0000
1.0645 5957.0000
1.0650 5952.0000
1.0655 5947.0000
1.0660 5942.0000
1.0665 5937.0000
1.0670 5932.0000
1.0675 5927.0000
1.0680 5922.0000
1.0685 5917.0000
1.0690 5912.0000
1.0695 5907.0000
1.0700 5901.0000
1.0705 5896.0000
1.0710 5891.0000
1.0715 5886.0000
1.0720 5881.0000
1.0725 5876.0000
1.0730 5871.0000
1.0735 5866.0000
1.0740 5861.0000
1.0745 5856.0000
1.0750 5851.0000
1.0755 5846.0000
1.0760 5841.0000
1.0765 5836.0000
1.0770 5831.0000
1.0775 5826.0000
1.0780 5821.0000
1.0785 5816.0000
1.0790 5811.0000
1.0795 5806.0000
1.0800 5801.0000
1.0805 5796.0000
1.0810 5791.0000
1.0815 5786.0000
1.0820 5781.0000
1.0825 5776.0000
1.0830 5771.0000
1.0835 5766.0000
1.0840 5761.0000
1.0845 5756.0000
1.0850 5751.0000
1.0855 5746.0000
1.0860 5741.0000
1.0865 5736.0000
1.0870 5731.0000
1.0875 5726.0000
1.0880 5722.0000
1.0885 5717.0000
1.0890 5712.0000
1.0895 5707.0000
1.0900 5702.0000
1.0905 5697.0000
1.0910 5692.0000
1.0915 5687.0000
1.0920 5682.0000
1.0925 5677.0000
1.0930 5672.0000
1.0935 5668.0000
1.0940 5663.0000
1.0945 5658.0000
1.0950 5653.0000
1.0955 5648.0000
1.0960 5643.0000
1.0965 5638.0000
1.0970 5633.0000
1.0975 5629.0000
1.0980 5624.0000
1.0985 5619.0000
1.0990 5614.0000
1.0995 5609.0000
1.1000 5604.0000
1.1005 5599.0000
1.1010 5595.0000
1.1015 5590.0000
1.1020 5585.0000
1.1025 5580.0000
1.1030 5575.0000
1.1035 5570.0000
1.1040 5566.0000
1.1045 5561.0000
1.1050 5556.0000
1.1055 5551.0000
1.1060 5546.0000
1.1065 5542.0000
1.1070 5537.0000
1.1075 5532.0000
1.1080 5527.0000
1.1085 5522.0000
1.1090 5518.0000
1.1095 5513.0000
1.1100 5508.0000
1.1105 5503.0000
1.1110 5499.0000
1.1115 5494.0000
1.1120 5489.0000
1.1125 5484.0000
1.1130 5480.0000
1.1135 5475.0000
1.1140 5470.0000
1.1145 5465.0000
1.1150 5461.0000
1.1155 5456.0000
1.1160 5451.0000
1.1165 5446.0000
1.1170 5442.0000
1.1175 5437.0000
1.1180 5432.0000
1.1185 5428.0000
1.1190 5423.0000
1.1195 5418.0000
1.1200 5413.0000
1.1205 5409.0000
1.1210 5404.0000
1.1215 5399.0000
1.1220 5395.0000
1.1225 5390.0000
1.1230 5385.0000
1.1235 5381.0000
1.1240 5376.0000
1.1245 5371.0000
1.1250 5367.0000
1.1255 5362.0000
1.1260 5357.0000
1.1265 5353.0000
1.1270 5348.0000
1.1275 5343.0000
1.1280 5339.0000
1.1285 5334.0000
1.1290 5329.0000
1.1295 5325.0000
1.1300 5320.0000
1.1305 5315.0000
1.1310 5311.0000
1.1315 5306.0000
1.1320 5301.0000
1.1325 5297.0000
1.1330 5292.0000
1.1335 5288.0000
1.1340 5283.0000
1.1345 5278.0000
1.1350 5274.0000
1.1355 5269.0000
1.1360 5265.0000
1.1365 5260.0000
1.1370 5255.0000
1.1375 5251.0000
1.1380 5246.0000
1.1385 5242.0000
1.1390 5237.0000
1.1395 5233.0000
1.1400 5228.0000
1.1405 5223.0000
1.1410 5219.0000
1.1415 5214.0000
1.1420 5210.0000
1.1425 5205.0000
1.1430 5201.0000
1.1435 5196.0000
1.1440 5191.0000
1.1445 5187.0000
1.1450 5182.0000
1.1455 5178.0000
1.1460 5173.0000
1.1465 5169.0000
1.1470 5164.0000
1.1475 5160.0000
1.1480 5155.0000
1.1485 5151.0000
1.1490 5146.0000
1.1495 5142.0000
1.1500 5137.0000
1.1505 5133.0000
1.1510 5128.0000
1.1515 5124.0000
1.1520 5119.0000
1.1525 5115.0000
1.1530 5110.0000
1.1535 5106.0000
1.1540 5101.0000
1.1545 5097.0000
1.1550 5092.0000
1.1555 5088.0000
1.1560 5083.0000
1.1565 5079.0000
1.1570 5074.0000
1.1575 5070.0000
1.1580 5065.0000
1.1585 5061.0000
1.1590 5057.0000
1.1595 5052.0000
1.1600 5048.0000
1.1605 5043.0000
1.1610 5039.0000
1.1615 5034.0000
1.1620 5030.0000
1.1625 5025.0000
1.1630 5021.0000
1.1635 5017.0000
1.1640 5012.0000
1.1645 5008.0000
1.1650 5003.0000
1.1655 4999.0000
1.1660 4994.0000
1.1665 4990.0000
1.1670 4986.0000
1.1675 4981.0000
1.1680 4977.0000
1.1685 4972.0000
1.1690 4968.0000
1.1695 4964.0000
1.1700 4959.0000
1.1705 4955.0000
1.1710 4951.0000
1.1715 4946.0000
1.1720 4942.0000
1.1725 4937.0000
1.1730 4933.0000
1.1735 4929.0000
1.1740 4924.0000
1.1745 4920.0000
1.1750 4916.0000
1.1755 4911.0000
1.1760 4907.0000
1.1765 4903.0000
1.1770 4898.0000
1.1775 4894.0000
1.1780 4890.0000
1.1785 4885.0000
1.1790 4881.0000
1.1795 4877.0000
1.1800 4872.0000
1.1805 4868.0000
1.1810 4864.0000
1.1815 4859.0000
1.1820 4855.0000
1.1825 4851.0000
1.1830 4846.0000
1.1835 4842.0000
1.1840 4838.0000
1.1845 4833.0000
1.1850 4829.0000
1.1855 4825.0000
1.1860 4821.0000
1.1865 4816.0000
1.1870 4812.0000
1.1875 4808.0000
1.1880 4803.0000
1.1885 4799.0000
1.1890 4795.0000
1.1895 4791.0000
1.1900 4786.0000
1.1905 4782.0000
1.1910 4778.0000
1.1915 4774.0000
1.1920 4769.0000
1.1925 4765.0000
1.1930 4761.0000
1.1935 4756.0000
1.1940 4752.0000
1.1945 4748.0000
1.1950 4744.0000
1.1955 4740.0000
1.1960 4735.0000
1.1965 4731.0000
1.1970 4727.0000
1.1975 4723.0000
1.1980 4718.0000
1.1985 4714.0000
1.1990 4710.0000
1.1995 4706.0000
1.2000 4702.0000
1.2005 4697.0000
1.2010 4693.0000
1.2015 4689.0000
1.2020 4685.0000
1.2025 4680.0000
1.2030 4676.0000
1.2035 4672.0000
1.2040 4668.0000
1.2045 4664.0000
1.2050 4660.0000
1.2055 4655.0000
1.2060 4651.0000
1.2065 4647.0000
1.2070 4643.0000
1.2075 4639.0000
1.2080 4634.0000
1.2085 4630.0000
1.2090 4626.0000
1.2095 4622.0000
1.2100 4618.0000
1.2105 4614.0000
1.2110 4610.0000
1.2115 4605.0000
1.2120 4601.0000
1.2125 4597.0000
1.2130 4593.0000
1.2135 4589.0000
1.2140 4585.0000
1.2145 4581.0000
1.2150 4576.0000
1.2155 4572.0000
1.2160 4568.0000
1.2165 4564.0000
1.2170 4560.0000
1.2175 4556.0000
1.2180 4552.0000
1.2185 4548.0000
1.2190 4543.0000
1.2195 4539.0000
1.2200 4535.0000
1.2205 4531.0000
1.2210 4527.0000
1.2215 4523.0000
1.2220 4519.0000
1.2225 4515.0000
1.2230 4511.0000
1.2235 4507.0000
1.2240 4503.0000
1.2245 4498.0000
1.2250 4494.0000
1.2255 4490.0000
1.2260 4486.0000
1.2265 4482.0000
1.2270 4478.0000
1.2275 4474.0000
1.2280 4470.0000
1.2285 4466.0000
1.2290 4462.0000
1.2295 4458.0000
1.2300 4454.0000
1.2305 4450.0000
1.2310 4446.0000
1.2315 4442.0000
1.2320 4438.0000
1.2325 4434.0000
1.2330 4429.0000
1.2335 4425.0000
1.2340 4421.0000
1.2345 4417.0000
1.2350 4413.0000
1.2355 4409.0000
1.2360 4405.0000
1.2365 4401.0000
1.2370 4397.0000
1.2375 4393.0000
1.2380 4389.0000
1.2385 4385.0000
1.2390 4381.0000
1.2395 4377.0000
1.2400 4373.0000
1.2405 4369.0000
1.2410 4365.0000
1.2415 4361.0000
1.2420 4357.0000
1.2425 4353.0000
1.2430 4349.0000
1.2435 4345.0000
1.2440 4341.0000
1.2445 4337.0000
1.2450 4333.0000
1.2455 4329.0000
1.2460 4325.0000
1.2465 4321.0000
1.2470 4317.0000
1.2475 4314.0000
1.2480 4310.0000
1.2485 4306.0000
1.2490 4302.0000
1.2495 4298.0000
1.2500 4294.0000
1.2505 4290.0000
1.2510 4286.0000
1.2515 4282.0000
1.2520 4278.0000
1.2525 4274.0000
1.2530 4270.0000
1.2535 4266.0000
1.2540 4262.0000
1.2545 4258.0000
1.2550 4254.0000
1.2555 4250.0000
1.2560 4247.0000
1.2565 4243.0000
1.2570 4239.0000
1.2575 4235.0000
1.2580 4231.0000
1.2585 4227.0000
1.2590 4223.0000
1.2595 4219.0000
1.2600 4215.0000
1.2605 4211.0000
1.2610 4207.0000
1.2615 4204.0000
1.2620 4200.0000
1.2625 4196.0000
1.2630 4192.0000
1.2635 4188.0000
1.2640 4184.0000
1.2645 4180.0000
1.2650 4176.0000
1.2655 4173.0000
1.2660 4169.0000
1.2665 4165.0000
1.2670 4161.0000
1.2675 4157.0000
1.2680 4153.0000
1.2685 4149.0000
1.2690 4145.0000
1.2695 4142.0000
1.2700 4138.0000
1.2705 4134.0000
1.2710 4130.0000
1.2715 4126.0000
1.2720 4122.0000
1.2725 4119.0000
1.2730 4115.0000
1.2735 4111.0000
1.2740 4107.0000
1.2745 4103.0000
1.2750 4099.0000
1.2755 4096.0000
1.2760 4092.0000
1.2765 4088.0000
1.2770 4084.0000
1.2775 4080.0000
1.2780 4076.0000
1.2785 4073.0000
1.2790 4069.0000
1.2795 4065.0000
1.2800 4061.0000
1.2805 4057.0000
1.2810 4054.0000
1.2815 4050.0000
1.2820 4046.0000
1.2825 4042.0000
1.2830 4038.0000
1.2835 4035.0000
1.2840 4031.0000
1.2845 4027.0000
1.2850 4023.0000
1.2855 4019.0000
1.2860 4016.0000
1.2865 4012.0000
1.2870 4008.0000
1.2875 4004.0000
1.2880 4001.0000
1.2885 3997.0000
1.2890 3993.0000
1.2895 3989.0000
1.2900 3986.0000
1.2905 3982.0000
1.2910 3978.0000
1.2915 3974.0000
1.2920 3971.0000
1.2925 3967.0000
1.2930 3963.0000
1.2935 3959.0000
1.2940 3956.0000
1.2945 3952.0000
1.2950 3948.0000
1.2955 3944.0000
1.2960 3941.0000
1.2965 3937.0000
1.2970 3933.0000
1.2975 3929.0000
1.2980 3926.0000
1.2985 3922.0000
1.2990 3918.0000
1.2995 3915.0000
1.3000 3911.0000
1.3005 3907.0000
1.3010 3903.0000
1.3015 3900.0000
1.3020 3896.0000
1.3025 3892.0000
1.3030 3889.0000
1.3035 3885.0000
1.3040 3881.0000
1.3045 3877.0000
1.3050 3874.0000
1.3055 3870.0000
1.3060 3866.0000
1.3065 3863.0000
1.3070 3859.0000
1.3075 3855.0000
1.3080 3852.0000
1.3085 3848.0000
1.3090 3844.0000
1.3095 3841.0000
1.3100 3837.0000
1.3105 3833.0000
1.3110 3830.0000
1.3115 3826.0000
1.3120 3822.0000
1.3125 3819.0000
1.3130 3815.0000
1.3135 3811.0000
1.3140 3808.0000
1.3145 3804.0000
1.3150 3800.0000
1.3155 3797.0000
1.3160 3793.0000
1.3165 3789.0000
1.3170 3786.0000
1.3175 3782.0000
1.3180 3778.0000
1.3185 3775.0000
1.3190 3771.0000
1.3195 3768.0000
1.3200 3764.0000
1.3205 3760.0000
1.3210 3757.0000
1.3215 3753.0000
1.3220 3749.0000
1.3225 3746.0000
1.3230 3742.0000
1.3235 3739.0000
1.3240 3735.0000
1.3245 3731.0000
1.3250 3728.0000
1.3255 3724.0000
1.3260 3721.0000
1.3265 3717.0000
1.3270 3713.0000
1.3275 3710.0000
1.3280 3706.0000
1.3285 3703.0000
1.3290 3699.0000
1.3295 3695.0000
1.3300 3692.0000
1.3305 3688.0000
1.3310 3685.0000
1.3315 3681.0000
1.3320 3677.0000
1.3325 3674.0000
1.3330 3670.0000
1.3335 3667.0000
1.3340 3663.0000
1.3345 3660.0000
1.3350 3656.0000
1.3355 3652.0000
1.3360 3649.0000
1.3365 3645.0000
1.3370 3642.0000
1.3375 3638.0000
1.3380 3635.0000
1.3385 3631.0000
1.3390 3628.0000
1.3395 3624.0000
1.3400 3620.0000
1.3405 3617.0000
1.3410 3613.0000
1.3415 3610.0000
1.3420 3606.0000
1.3425 3603.0000
1.3430 3599.0000
1.3435 3596.0000
1.3440 3592.0000
1.3445 3589.0000
1.3450 3585.0000
1.3455 3582.0000
1.3460 3578.0000
1.3465 3575.0000
1.3470 3571.0000
1.3475 3567.0000
1.3480 3564.0000
1.3485 3560.0000
1.3490 3557.0000
1.3495 3553.0000
1.3500 3550.0000
1.3505 3546.0000
1.3510 3543.0000
1.3515 3539.0000
1.3520 3536.0000
1.3525 3532.0000
1.3530 3529.0000
1.3535 3525.0000
1.3540 3522.0000
1.3545 3518.0000
1.3550 3515.0000
1.3555 3511.0000
1.3560 3508.0000
1.3565 3504.0000
1.3570 3501.0000
1.3575 3498.0000
1.3580 3494.0000
1.3585 3491.0000
1.3590 3487.0000
1.3595 3484.0000
1.3600 3480.0000
1.3605 3477.0000
1.3610 3473.0000
1.3615 3470.0000
1.3620 3466.0000
1.3625 3463.0000
1.3630 3459.0000
1.3635 3456.0000
1.3640 3452.0000
1.3645 3449.0000
1.3650 3446.0000
1.3655 3442.0000
1.3660 3439.0000
1.3665 3435.0000
1.3670 3432.0000
1.3675 3428.0000
1.3680 3425.0000
1.3685 3421.0000
1.3690 3418.0000
1.3695 3415.0000
1.3700 3411.0000
1.3705 3408.0000
1.3710 3404.0000
1.3715 3401.0000
1.3720 3397.0000
1.3725 3394.0000
1.3730 3391.0000
1.3735 3387.0000
1.3740 3384.0000
1.3745 3380.0000
1.3750 3377.0000
1.3755 3374.0000
1.3760 3370.0000
1.3765 3367.0000
1.3770 3363.0000
1.3775 3360.0000
1.3780 3357.0000
1.3785 3353.0000
1.3790 3350.0000
1.3795 3346.0000
1.3800 3343.0000
1.3805 3340.0000
1.3810 3336.0000
1.3815 3333.0000
1.3820 3329.0000
1.3825 3326.0000
1.3830 3323.0000
1.3835 3319.0000
1.3840 3316.0000
1.3845 3313.0000
1.3850 3309.0000
1.3855 3306.0000
1.3860 3302.0000
1.3865 3299.0000
1.3870 3296.0000
1.3875 3292.0000
1.3880 3289.0000
1.3885 3286.0000
1.3890 3282.0000
1.3895 3279.0000
1.3900 3275.0000
1.3905 3272.0000
1.3910 3269.0000
1.3915 3265.0000
1.3920 3262.0000
1.3925 3259.0000
1.3930 3255.0000
1.3935 3252.0000
1.3940 3249.0000
1.3945 3245.0000
1.3950 3242.0000
1.3955 3239.0000
1.3960 3235.0000
1.3965 3232.0000
1.3970 3229.0000
1.3975 3225.0000
1.3980 3222.0000
1.3985 3219.0000
1.3990 3215.0000
1.3995 3212.0000
1.4000 3209.0000
1.4005 3205.0000
1.4010 3202.0000
1.4015 3199.0000
1.4020 3195.0000
1.4025 3192.0000
1.4030 3189.0000
1.4035 3186.0000
1.4040 3182.0000
1.4045 3179.0000
1.4050 3176.0000
1.4055 3172.0000
1.4060 3169.0000
1.4065 3166.0000
1.4070 3162.0000
1.4075 3159.0000
1.4080 3156.0000
1.4085 3153.0000
1.4090 3149.0000
1.4095 3146.0000
1.4100 3143.0000
1.4105 3139.0000
1.4110 3136.0000
1.4115 3133.0000
1.4120 3130.0000
1.4125 3126.0000
1.4130 3123.0000
1.4135 3120.0000
1.4140 3116.0000
1.4145 3113.0000
1.4150 3110.0000
1.4155 3107.0000
1.4160 3103.0000
1.4165 3100.0000
1.4170 3097.0000
1.4175 3094.0000
1.4180 3090.0000
1.4185 3087.0000
1.4190 3084.0000
1.4195 3081.0000
1.4200 3077.0000
1.4205 3074.0000
1.4210 3071.0000
1.4215 3068.0000
1.4220 3064.0000
1.4225 3061.0000
1.4230 3058.0000
1.4235 3055.0000
1.4240 3051.0000
1.4245 3048.0000
1.4250 3045.0000
1.4255 3042.0000
1.4260 3038.0000
1.4265 3035.0000
1.4270 3032.0000
1.4275 3029.0000
1.4280 3025.0000
1.4285 3022.0000
1.4290 3019.0000
1.4295 3016.0000
1.4300 3013.0000
1.4305 3009.0000
1.4310 3006.0000
1.4315 3003.0000
1.4320 3000.0000
1.4325 2996.0000
1.4330 2993.0000
1.4335 2990.0000
1.4340 2987.0000
1.4345 2984.0000
1.4350 2980.0000
1.4355 2977.0000
1.4360 2974.0000
1.4365 2971.0000
1.4370 2968.0000
1.4375 2964.0000
1.4380 2961.0000
1.4385 2958.0000
1.4390 2955.0000
1.4395 2952.0000
1.4400 2949.0000
1.4405 2945.0000
1.4410 2942.0000
1.4415 2939.0000
1.4420 2936.0000
1.4425 2933.0000
1.4430 2929.0000
1.4435 2926.0000
1.4440 2923.0000
1.4445 2920.0000
1.4450 2917.0000
1.4455 2914.0000
1.4460 2910.0000
1.4465 2907.0000
1.4470 2904.0000
1.4475 2901.0000
1.4480 2898.0000
1.4485 2895.0000
1.4490 2891.0000
1.4495 2888.0000
1.4500 2885.0000
1.4505 2882.0000
1.4510 2879.0000
1.4515 2876.0000
1.4520 2872.0000
1.4525 2869.0000
1.4530 2866.0000
1.4535 2863.0000
1.4540 2860.0000
1.4545 2857.0000
1.4550 2854.0000
1.4555 2850.0000
1.4560 2847.0000
1.4565 2844.0000
1.4570 2841.0000
1.4575 2838.0000
1.4580 2835.0000
1.4585 2832.0000
1.4590 2829.0000
1.4595 2825.0000
1.4600 2822.0000
1.4605 2819.0000
1.4610 2816.0000
1.4615 2813.0000
1.4620 2810.0000
1.4625 2807.0000
1.4630 2804.0000
1.4635 2800.0000
1.4640 2797.0000
1.4645 2794.0000
1.4650 2791.0000
1.4655 2788.0000
1.4660 2785.0000
1.4665 2782.0000
1.4670 2779.0000
1.4675 2776.0000
1.4680 2773.0000
1.4685 2769.0000
1.4690 2766.0000
1.4695 2763.0000
1.4700 2760.0000
1.4705 2757.0000
1.4710 2754.0000
1.4715 2751.0000
1.4720 2748.0000
1.4725 2745.0000
1.4730 2742.0000
1.4735 2739.0000
1.4740 2735.0000
1.4745 2732.0000
1.4750 2729.0000
1.4755 2726.0000
1.4760 2723.0000
1.4765 2720.0000
1.4770 2717.0000
1.4775 2714.0000
1.4780 2711.0000
1.4785 2708.0000
1.4790 2705.0000
1.4795 2702.0000
1.4800 2699.0000
1.4805 2696.0000
1.4810 2692.0000
1.4815 2689.0000
1.4820 2686.0000
1.4825 2683.0000
1.4830 2680.0000
1.4835 2677.0000
1.4840 2674.0000
1.4845 2671.0000
1.4850 2668.0000
1.4855 2665.0000
1.4860 2662.0000
1.4865 2659.0000
1.4870 2656.0000
1.4875 2653.0000
1.4880 2650.0000
1.4885 2647.0000
1.4890 2644.0000
1.4895 2641.0000
1.4900 2638.0000
1.4905 2635.0000
1.4910 2632.0000
1.4915 2629.0000
1.4920 2625.0000
1.4925 2622.0000
1.4930 2619.0000
1.4935 2616.0000
1.4940 2613.0000
1.4945 2610.0000
1.4950 2607.0000
1.4955 2604.0000
1.4960 2601.0000
1.4965 2598.0000
1.4970 2595.0000
1.4975 2592.0000
1.4980 2589.0000
1.4985 2586.0000
1.4990 2583.0000
1.4995 2580.0000
1.5000 2577.0000
1.5005 2574.0000
1.5010 2571.0000
1.5015 2568.0000
1.5020 2565.0000
1.5025 2562.0000
1.5030 2559.0000
1.5035 2556.0000
1.5040 2553.0000
1.5045 2550.0000
1.5050 2547.0000
1.5055 2544.0000
1.5060 2541.0000
1.5065 2538.0000
1.5070 2535.0000
1.5075 2532.0000
1.5080 2529.0000
1.5085 2526.0000
1.5090 2523.0000
1.5095 2520.0000
1.5100 2517.0000
1.5105 2514.0000
1.5110 2511.0000
1.5115 2508.0000
1.5120 2505.0000
1.5125 2502.0000
1.5130 2499.0000
1.5135 2497.0000
1.5140 2494.0000
1.5145 2491.0000
1.5150 2488.0000
1.5155 2485.0000
1.5160 2482.0000
1.5165 2479.0000
1.5170 2476.0000
1.5175 2473.0000
1.5180 2470.0000
1.5185 2467.0000
1.5190 2464.0000
1.5195 2461.0000
1.5200 2458.0000
1.5205 2455.0000
1.5210 2452.0000
1.5215 2449.0000
1.5220 2446.0000
1.5225 2443.0000
1.5230 2440.0000
1.5235 2437.0000
1.5240 2434.0000
1.5245 2432.0000
1.5250 2429.0000
1.5255 2426.0000
1.5260 2423.0000
1.5265 2420.0000
1.5270 2417.0000
1.5275 2414.0000
1.5280 2411.0000
1.5285 2408.0000
1.5290 2405.0000
1.5295 2402.0000
1.5300 2399.0000
1.5305 2396.0000
1.5310 2393.0000
1.5315 2390.0000
1.5320 2388.0000
1.5325 2385.0000
1.5330 2382.0000
1.5335 2379.0000
1.5340 2376.0000
1.5345 2373.0000
1.5350 2370.0000
1.5355 2367.0000
1.5360 2364.0000
1.5365 2361.0000
1.5370 2358.0000
1.5375 2356.0000
1.5380 2353.0000
1.5385 2350.0000
1.5390 2347.0000
1.5395 2344.0000
1.5400 2341.0000
1.5405 2338.0000
1.5410 2335.0000
1.5415 2332.0000
1.5420 2329.0000
1.5425 2327.0000
1.5430 2324.0000
1.5435 2321.0000
1.5440 2318.0000
1.5445 2315.0000
1.5450 2312.0000
1.5455 2309.0000
1.5460 2306.0000
1.5465 2303.0000
1.5470 2301.0000
1.5475 2298.0000
1.5480 2295.0000
1.5485 2292.0000
1.5490 2289.0000
1.5495 2286.0000
1.5500 2283.0000
1.5505 2280.0000
1.5510 2278.0000
1.5515 2275.0000
1.5520 2272.0000
1.5525 2269.0000
1.5530 2266.0000
1.5535 2263.0000
1.5540 2260.0000
1.5545 2257.0000
1.5550 2255.0000
1.5555 2252.0000
1.5560 2249.0000
1.5565 2246.0000
1.5570 2243.0000
1.5575 2240.0000
1.5580 2237.0000
1.5585 2235.0000
1.5590 2232.0000
1.5595 2229.0000
1.5600 2226.0000
1.5605 2223.0000
1.5610 2220.0000
1.5615 2217.0000
1.5620 2215.0000
1.5625 2212.0000
1.5630 2209.0000
1.5635 2206.0000
1.5640 2203.0000
1.5645 2200.0000
1.5650 2198.0000
1.5655 2195.0000
1.5660 2192.0000
1.5665 2189.0000
1.5670 2186.0000
1.5675 2183.0000
1.5680 2181.0000
1.5685 2178.0000
1.5690 2175.0000
1.5695 2172.0000
1.5700 2169.0000
1.5705 2166.0000
1.5710 2164.0000
1.5715 2161.0000
1.5720 2158.0000
1.5725 2155.0000
1.5730 2152.0000
1.5735 2149.0000
1.5740 2147.0000
1.5745 2144.0000
1.5750 2141.0000
1.5755 2138.0000
1.5760 2135.0000
1.5765 2133.0000
1.5770 2130.0000
1.5775 2127.0000
1.5780 2124.0000
1.5785 2121.0000
1.5790 2119.0000
1.5795 2116.0000
1.5800 2113.0000
1.5805 2110.0000
1.5810 2107.0000
1.5815 2105.0000
1.5820 2102.0000
1.5825 2099.0000
1.5830 2096.0000
1.5835 2093.0000
1.5840 2091.0000
1.5845 2088.0000
1.5850 2085.0000
1.5855 2082.0000
1.5860 2079.0000
1.5865 2077.0000
1.5870 2074.0000
1.5875 2071.0000
1.5880 2068.0000
1.5885 2065.0000
1.5890 2063.0000
1.5895 2060.0000
1.5900 2057.0000
1.5905 2054.0000
1.5910 2052.0000
1.5915 2049.0000
1.5920 2046.0000
1.5925 2043.0000
1.5930 2040.0000
1.5935 2038.0000
1.5940 2035.0000
1.5945 2032.0000
1.5950 2029.0000
1.5955 2027.0000
1.5960 2024.0000
1.5965 2021.0000
1.5970 2018.0000
1.5975 2015.0000
1.5980 2013.0000
1.5985 2010.0000
1.5990 2007.0000
1.5995 2004.0000
1.6000 2002.0000
1.6005 1999.0000
1.6010 1996.0000
1.6015 1993.0000
1.6020 1991.0000
1.6025 1988.0000
1.6030 1985.0000
1.6035 1982.0000
1.6040 1980.0000
1.6045 1977.0000
1.6050 1974.0000
1.6055 1971.0000
1.6060 1969.0000
1.6065 1966.0000
1.6070 1963.0000
1.6075 1960.0000
1.6080 1958.0000
1.6085 1955.0000
1.6090 1952.0000
1.6095 1949.0000
1.6100 1947.0000
1.6105 1944.0000
1.6110 1941.0000
1.6115 1938.0000
1.6120 1936.0000
1.6125 1933.0000
1.6130 1930.0000
1.6135 1928.0000
1.6140 1925.0000
1.6145 1922.0000
1.6150 1919.0000
1.6155 1917.0000
1.6160 1914.0000
1.6165 1911.0000
1.6170 1908.0000
1.6175 1906.0000
1.6180 1903.0000
1.6185 1900.0000
1.6190 1898.0000
1.6195 1895.0000
1.6200 1892.0000
1.6205 1889.0000
1.6210 1887.0000
1.6215 1884.0000
1.6220 1881.0000
1.6225 1879.0000
1.6230 1876.0000
1.6235 1873.0000
1.6240 1870.0000
1.6245 1868.0000
1.6250 1865.0000
1.6255 1862.0000
1.6260 1860.0000
1.6265 1857.0000
1.6270 1854.0000
1.6275 1852.0000
1.6280 1849.0000
1.6285 1846.0000
1.6290 1843.0000
1.6295 1841.0000
1.6300 1838.0000
1.6305 1835.0000
1.6310 1833.0000
1.6315 1830.0000
1.6320 1827.0000
1.6325 1825.0000
1.6330 1822.0000
1.6335 1819.0000
1.6340 1816.0000
1.6345 1814.0000
1.6350 1811.0000
1.6355 1808.0000
1.6360 1806.0000
1.6365 1803.0000
1.6370 1800.0000
1.6375 1798.0000
1.6380 1795.0000
1.6385 1792.0000
1.6390 1790.0000
1.6395 1787.0000
1.6400 1784.0000
1.6405 1782.0000
1.6410 1779.0000
1.6415 1776.0000
1.6420 1774.0000
1.6425 1771.0000
1.6430 1768.0000
1.6435 1766.0000
1.6440 1763.0000
1.6445 1760.0000
1.6450 1758.0000
1.6455 1755.0000
1.6460 1752.0000
1.6465 1750.0000
1.6470 1747.0000
1.6475 1744.0000
1.6480 1742.0000
1.6485 1739.0000
1.6490 1736.0000
1.6495 1734.0000
1.6500 1731.0000
1.6505 1728.0000
1.6510 1726.0000
1.6515 1723.0000
1.6520 1720.0000
1.6525 1718.0000
1.6530 1715.0000
1.6535 1712.0000
1.6540 1710.0000
1.6545 1707.0000
1.6550 1704.0000
1.6555 1702.0000
1.6560 1699.0000
1.6565 1696.0000
1.6570 1694.0000
1.6575 1691.0000
1.6580 1688.0000
1.6585 1686.0000
1.6590 1683.0000
1.6595 1681.0000
1.6600 1678.0000
1.6605 1675.0000
1.6610 1673.0000
1.6615 1670.0000
1.6620 1667.0000
1.6625 1665.0000
1.6630 1662.0000
1.6635 1659.0000
1.6640 1657.0000
1.6645 1654.0000
1.6650 1652.0000
1.6655 1649.0000
1.6660 1646.0000
1.6665 1644.0000
1.6670 1641.0000
1.6675 1638.0000
1.6680 1636.0000
1.6685 1633.0000
1.6690 1630.0000
1.6695 1628.0000
1.6700 1625.0000
1.6705 1623.0000
1.6710 1620.0000
1.6715 1617.0000
1.6720 1615.0000
1.6725 1612.0000
1.6730 1610.0000
1.6735 1607.0000
1.6740 1604.0000
1.6745 1602.0000
1.6750 1599.0000
1.6755 1596.0000
1.6760 1594.0000
1.6765 1591.0000
1.6770 1589.0000
1.6775 1586.0000
1.6780 1583.0000
1.6785 1581.0000
1.6790 1578.0000
1.6795 1576.0000
1.6800 1573.0000
1.6805 1570.0000
1.6810 1568.0000
1.6815 1565.0000
1.6820 1563.0000
1.6825 1560.0000
1.6830 1557.0000
1.6835 1555.0000
1.6840 1552.0000
1.6845 1550.0000
1.6850 1547.0000
1.6855 1544.0000
1.6860 1542.0000
1.6865 1539.0000
1.6870 1537.0000
1.6875 1534.0000
1.6880 1531.0000
1.6885 1529.0000
1.6890 1526.0000
1.6895 1524.0000
1.6900 1521.0000
1.6905 1518.0000
1.6910 1516.0000
1.6915 1513.0000
1.6920 1511.0000
1.6925 1508.0000
1.6930 1505.0000
1.6935 1503.0000
1.6940 1500.0000
1.6945 1498.0000
1.6950 1495.0000
1.6955 1493.0000
1.6960 1490.0000
1.6965 1487.0000
1.6970 1485.0000
1.6975 1482.0000
1.6980 1480.0000
1.6985 1477.0000
1.6990 1474.0000
1.6995 1472.0000
1.7000 1469.0000
1.7005 1467.0000
1.7010 1464.0000
1.7015 1462.0000
1.7020 1459.0000
1.7025 1456.0000
1.7030 1454.0000
1.7035 1451.0000
1.7040 1449.0000
1.7045 1446.0000
1.7050 1444.0000
1.7055 1441.0000
1.7060 1438.0000
1.7065 1436.0000
1.7070 1433.0000
1.7075 1431.0000
1.7080 1428.0000
1.7085 1426.0000
1.7090 1423.0000
1.7095 1421.0000
1.7100 1418.0000
1.7105 1415.0000
1.7110 1413.0000
1.7115 1410.0000
1.7120 1408.0000
1.7125 1405.0000
1.7130 1403.0000
1.7135 1400.0000
1.7140 1398.0000
1.7145 1395.0000
1.7150 1392.0000
1.7155 1390.0000
1.7160 1387.0000
1.7165 1385.0000
1.7170 1382.0000
1.7175 1380.0000
1.7180 1377.0000
1.7185 1375.0000
1.7190 1372.0000
1.7195 1369.0000
1.7200 1367.0000
1.7205 1364.0000
1.7210 1362.0000
1.7215 1359.0000
1.7220 1357.0000
1.7225 1354.0000
1.7230 1352.0000
1.7235 1349.0000
1.7240 1347.0000
1.7245 1344.0000
1.7250 1341.0000
1.7255 1339.0000
1.7260 1336.0000
1.7265 1334.0000
1.7270 1331.0000
1.7275 1329.0000
1.7280 1326.0000
1.7285 1324.0000
1.7290 1321.0000
1.7295 1319.0000
1.7300 1316.0000
1.7305 1314.0000
1.7310 1311.0000
1.7315 1309.0000
1.7320 1306.0000
1.7325 1303.0000
1.7330 1301.0000
1.7335 1298.0000
1.7340 1296.0000
1.7345 1293.0000
1.7350 1291.0000
1.7355 1288.0000
1.7360 1286.0000
1.7365 1283.0000
1.7370 1281.0000
1.7375 1278.0000
1.7380 1276.0000
1.7385 1273.0000
1.7390 1271.0000
1.7395 1268.0000
1.7400 1266.0000
1.7405 1263.0000
1.7410 1261.0000
1.7415 1258.0000
1.7420 1255.0000
1.7425 1253.0000
1.7430 1250.0000
1.7435 1248.0000
1.7440 1245.0000
1.7445 1243.0000
1.7450 1240.0000
1.7455 1238.0000
1.7460 1235.0000
1.7465 1233.0000
1.7470 1230.0000
1.7475 1228.0000
1.7480 1225.0000
1.7485 1223.0000
1.7490 1220.0000
1.7495 1218.0000
1.7500 1215.0000
1.7505 1213.0000
1.7510 1210.0000
1.7515 1208.0000
1.7520 1205.0000
1.7525 1203.0000
1.7530 1200.0000
1.7535 1198.0000
1.7540 1195.0000
1.7545 1193.0000
1.7550 1190.0000
1.7555 1188.0000
1.7560 1185.0000
1.7565 1183.0000
1.7570 1180.0000
1.7575 1178.0000
1.7580 1175.0000
1.7585 1173.0000
1.7590 1170.0000
1.7595 1168.0000
1.7600 1165.0000
1.7605 1163.0000
1.7610 1160.0000
1.7615 1158.0000
1.7620 1155.0000
1.7625 1153.0000
1.7630 1150.0000
1.7635 1148.0000
1.7640 1145.0000
1.7645 1143.0000
1.7650 1140.0000
1.7655 1138.0000
1.7660 1135.0000
1.7665 1133.0000
1.7670 1130.0000
1.7675 1128.0000
1.7680 1125.0000
1.7685 1123.0000
1.7690 1120.0000
1.7695 1118.0000
1.7700 1115.0000
1.7705 1113.0000
1.7710 1110.0000
1.7715 1108.0000
1.7720 1105.0000
1.7725 1103.0000
1.7730 1100.0000
1.7735 1098.0000
1.7740 1095.0000
1.7745 1093.0000
1.7750 1090.0000
1.7755 1088.0000
1.7760 1085.0000
1.7765 1083.0000
1.7770 1080.0000
1.7775 1078.0000
1.7780 1075.0000
1.7785 1073.0000
1.7790 1070.0000
1.7795 1068.0000
1.7800 1065.0000
1.7805 1063.0000
1.7810 1061.0000
1.7815 1058.0000
1.7820 1056.0000
1.7825 1053.0000
1.7830 1051.0000
1.7835 1048.0000
1.7840 1046.0000
1.7845 1043.0000
1.7850 1041.0000
1.7855 1038.0000
1.7860 1036.0000
1.7865 1033.0000
1.7870 1031.0000
1.7875 1028.0000
1.7880 1026.0000
1.7885 1023.0000
1.7890 1021.0000
1.7895 1018.0000
1.7900 1016.0000
1.7905 1013.0000
1.7910 1011.0000
1.7915 1008.0000
1.7920 1006.0000
1.7925 1004.0000
1.7930 1001.0000
1.7935 999.0000
1.7940 996.0000
1.7945 994.0000
1.7950 991.0000
1.7955 989.0000
1.7960 986.0000
1.7965 984.0000
1.7970 981.0000
1.7975 979.0000
1.7980 976.0000
1.7985 974.0000
1.7990 971.0000
1.7995 969.0000
1.8000 966.0000
1.8005 964.0000
1.8010 961.0000
1.8015 959.0000
1.8020 957.0000
1.8025 954.0000
1.8030 952.0000
1.8035 949.0000
1.8040 947.0000
1.8045 944.0000
1.8050 942.0000
1.8055 939.0000
1.8060 937.0000
1.8065 934.0000
1.8070 932.0000
1.8075 929.0000
1.8080 927.0000
1.8085 924.0000
1.8090 922.0000
1.8095 919.0000
1.8100 917.0000
1.8105 915.0000
1.8110 912.0000
1.8115 910.0000
1.8120 907.0000
1.8125 905.0000
1.8130 902.0000
1.8135 900.0000
1.8140 897.0000
1.8145 895.0000
1.8150 892.0000
1.8155 890.0000
1.8160 887.0000
1.8165 885.0000
1.8170 882.0000
1.8175 880.0000
1.8180 877.0000
1.8185 875.0000
1.8190 873.0000
1.8195 870.0000
1.8200 868.0000
1.8205 865.0000
1.8210 863.0000
1.8215 860.0000
1.8220 858.0000
1.8225 855.0000
1.8230 853.0000
1.8235 850.0000
1.8240 848.0000
1.8245 845.0000
1.8250 843.0000
1.8255 840.0000
1.8260 838.0000
1.8265 836.0000
1.8270 833.0000
1.8275 831.0000
1.8280 828.0000
1.8285 826.0000
1.8290 823.0000
1.8295 821.0000
1.8300 818.0000
1.8305 816.0000
1.8310 813.0000
1.8315 811.0000
1.8320 808.0000
1.8325 806.0000
1.8330 803.0000
1.8335 801.0000
1.8340 798.0000
1.8345 796.0000
1.8350 794.0000
1.8355 791.0000
1.8360 789.0000
1.8365 786.0000
1.8370 784.0000
1.8375 781.0000
1.8380 779.0000
1.8385 776.0000
1.8390 774.0000
1.8395 771.0000
1.8400 769.0000
1.8405 766.0000
1.8410 764.0000
1.8415 761.0000
1.8420 759.0000
1.8425 756.0000
1.8430 754.0000
1.8435 751.0000
1.8440 749.0000
1.8445 746.0000
1.8450 744.0000
1.8455 742.0000
1.8460 739.0000
1.8465 737.0000
1.8470 734.0000
1.8475 732.0000
1.8480 729.0000
1.8485 727.0000
1.8490 724.0000
1.8495 722.0000
1.8500 719.0000
1.8505 717.0000
1.8510 714.0000
1.8515 712.0000
1.8520 709.0000
1.8525 707.0000
1.8530 704.0000
1.8535 702.0000
1.8540 699.0000
1.8545 697.0000
1.8550 694.0000
1.8555 692.0000
1.8560 689.0000
1.8565 687.0000
1.8570 684.0000
1.8575 682.0000
1.8580 679.0000
1.8585 677.0000
1.8590 674.0000
1.8595 672.0000
1.8600 669.0000
1.8605 667.0000
1.8610 664.0000
1.8615 662.0000
1.8620 659.0000
1.8625 657.0000
1.8630 654.0000
1.8635 652.0000
1.8640 649.0000
1.8645 647.0000
1.8650 644.0000
1.8655 642.0000
1.8660 639.0000
1.8665 637.0000
1.8670 634.0000
1.8675 632.0000
1.8680 629.0000
1.8685 627.0000
1.8690 624.0000
1.8695 622.0000
1.8700 619.0000
1.8705 617.0000
1.8710 614.0000
1.8715 612.0000
1.8720 609.0000
1.8725 607.0000
1.8730 604.0000
1.8735 602.0000
1.8740 599.0000
1.8745 596.0000
1.8750 594.0000
1.8755 591.0000
1.8760 589.0000
1.8765 586.0000
1.8770 584.0000
1.8775 581.0000
1.8780 579.0000
1.8785 576.0000
1.8790 574.0000
1.8795 571.0000
1.8800 569.0000
1.8805 566.0000
1.8810 563.0000
1.8815 561.0000
1.8820 558.0000
1.8825 556.0000
1.8830 553.0000
1.8835 551.0000
1.8840 548.0000
1.8845 545.0000
1.8850 543.0000
1.8855 540.0000
1.8860 538.0000
1.8865 535.0000
1.8870 533.0000
1.8875 530.0000
1.8880 527.0000
1.8885 525.0000
1.8890 522.0000
1.8895 520.0000
1.8900 517.0000
1.8905 514.0000
1.8910 512.0000
1.8915 509.0000
1.8920 507.0000
1.8925 504.0000
1.8930 501.0000
1.8935 499.0000
1.8940 496.0000
1.8945 494.0000
1.8950 491.0000
1.8955 488.0000
1.8960 486.0000
1.8965 483.0000
1.8970 480.0000
1.8975 478.0000
1.8980 475.0000
1.8985 472.0000
1.8990 470.0000
1.8995 467.0000
1.9000 464.0000
1.9005 462.0000
1.9010 459.0000
1.9015 456.0000
1.9020 454.0000
1.9025 451.0000
1.9030 448.0000
1.9035 446.0000
1.9040 443.0000
1.9045 440.0000
1.9050 437.0000
1.9055 435.0000
1.9060 432.0000
1.9065 429.0000
1.9070 427.0000
1.9075 424.0000
1.9080 421.0000
1.9085 418.0000
1.9090 415.0000
1.9095 413.0000
1.9100 410.0000
1.9105 407.0000
1.9110 404.0000
1.9115 402.0000
1.9120 399.0000
1.9125 396.0000
1.9130 393.0000
1.9135 390.0000
1.9140 387.0000
1.9145 385.0000
1.9150 382.0000
1.9155 379.0000
1.9160 376.0000
1.9165 373.0000
1.9170 370.0000
1.9175 367.0000
1.9180 364.0000
1.9185 361.0000
1.9190 358.0000
1.9195 355.0000
1.9200 352.0000
1.9205 349.0000
1.9210 346.0000
1.9215 343.0000
1.9220 340.0000
1.9225 337.0000
1.9230 334.0000
1.9235 331.0000
1.9240 328.0000
1.9245 325.0000
1.9250 321.0000
1.9255 318.0000
1.9260 315.0000
1.9265 312.0000
1.9270 308.0000
1.9275 305.0000
1.9280 302.0000
1.9285 298.0000
1.9290 295.0000
1.9295 291.0000
1.9300 288.0000
1.9305 284.0000
1.9310 281.0000
1.9315 277.0000
1.9320 273.0000
1.9325 269.0000
1.9330 266.0000
1.9335 262.0000
1.9340 258.0000
1.9345 253.0000
1.9350 249.0000
1.9355 245.0000
1.9360 240.0000
1.9365 235.0000
1.9370 230.0000
1.9375 225.0000
1.9380 219.0000
1.9385 212.0000
1.9390 205.0000
1.9395 197.0000
1.9400 189.0000
1.9405 180.0000
1.9410 162.0000
1.9415 153.0000
1.9420 147.0000
1.9425 141.0000
1.9430 133.0000
1.9435 126.0000
1.9440 119.0000
1.9445 201.0000
1.9450 199.0000
1.9455 196.0000
1.9460 192.0000
1.9465 188.0000
1.9470 183.0000
1.9475 176.0000
1.9480 174.0000
1.9485 173.0000
1.9490 171.0000
1.9495 170.0000
1.9500 168.0000
1.9505 167.0000
1.9510 165.0000
1.9515 163.0000
1.9520 161.0000
1.9525 159.0000
1.9530 157.0000
1.9535 155.0000
1.9540 152.0000
1.9545 149.0000
1.9550 145.0000
1.9555 142.0000
1.9560 208.0000
1.9565 202.0000
1.9570 199.0000
1.9575 197.0000
1.9580 196.0000
1.9585 194.0000
1.9590 129.0000
1.9595 191.0000
1.9600 190.0000
1.9605 189.0000
1.9610 188.0000
1.9615 250.0000
1.9620 250.0000
1.9625 249.0000
1.9630 183.0000
1.9635 182.0000
1.9640 247.0000
1.9645 246.0000
1.9650 245.0000
1.9655 243.0000
1.9660 240.0000
1.9665 238.0000
1.9670 236.0000
1.9675 234.0000
1.9680 232.0000
1.9685 230.0000
1.9690 228.0000
1.9695 177.0000
1.9700 225.0000
1.9705 223.0000
1.9710 222.0000
1.9715 276.0000
1.9720 219.0000
1.9725 274.0000
1.9730 331.0000
1.9735 215.0000
1.9740 214.0000
1.9745 213.0000
1.9750 212.0000
1.9755 329.0000
1.9760 328.0000
1.9765 327.0000
1.9770 326.0000
1.9775 266.0000
1.9780 315.0000
1.9785 265.0000
1.9790 311.0000
1.9795 310.0000
1.9800 309.0000
1.9805 320.0000
1.9810 263.0000
1.9815 418.0000
1.9820 305.0000
1.9825 417.0000
1.9830 416.0000
1.9835 415.0000
1.9840 414.0000
1.9845 512.0000
1.9850 455.0000
1.9855 412.0000
1.9860 411.0000
1.9865 509.0000
1.9870 453.0000
1.9875 558.0000
1.9880 258.0000
1.9885 553.0000
1.9890 451.0000
1.9895 548.0000
1.9900 405.0000
1.9905 503.0000
1.9910 802.0000
1.9915 800.0000
1.9920 543.0000
1.9925 902.0000
1.9930 943.0000
1.9935 942.0000
1.9940 901.0000
1.9945 941.0000
1.9950 1042.0000
1.9955 900.0000
1.9960 1293.0000
1.9965 1829.0000
1.9970 2081.0000
1.9975 1681.0000
1.9980 2525.0000
1.9985 498.0000
1.9990 5304.0000
1.9995 7230.0000
