1.0000 6651.0000
1.0020 6628.0000
1.0040 6606.0000
1.0060 6583.0000
1.0080 6561.0000
1.0100 6539.0000
1.0120 6516.0000
1.0140 6494.0000
1.0160 6472.0000
1.0180 6450.0000
1.0200 6428.0000
1.0220 6406.0000
1.0240 6384.0000
1.0260 6363.0000
1.0280 6341.0000
1.0300 6319.0000
1.0320 6298.0000
1.0340 6276.0000
1.0360 6255.0000
1.0380 6234.0000
1.0400 6213.0000
1.0420 6191.0000
1.0440 6170.0000
1.0460 6149.0000
1.0480 6128.0000
1.0500 6107.0000
1.0520 6086.0000
1.0540 6066.0000
1.0560 6045.0000
1.0580 6024.0000
1.0600 6004.0000
1.0620 5983.0000
1.0640 5963.0000
1.0660 5942.0000
1.0680 5922.0000
1.0700 5901.0000
1.0720 5881.0000
1.0740 5861.0000
1.0760 5841.0000
1.0780 5821.0000
1.0800 5801.0000
1.0820 5781.0000
1.0840 5761.0000
1.0860 5741.0000
1.0880 5722.0000
1.0900 5702.0000
1.0920 5682.0000
1.0940 5663.0000
1.0960 5643.0000
1.0980 5624.0000
1.1000 5604.0000
1.1020 5585.0000
1.1040 5566.0000
1.1060 5546.0000
1.1080 5527.0000
1.1100 5508.0000
1.1120 5489.0000
1.1140 5470.0000
1.1160 5451.0000
1.1180 5432.0000
1.1200 5413.0000
1.1220 5395.0000
1.1240 5376.0000
1.1260 5357.0000
1.1280 5339.0000
1.1300 5320.0000
1.1320 5301.0000
1.1340 5283.0000
1.1360 5265.0000
1.1380 5246.0000
1.1400 5228.0000
1.1420 5210.0000
1.1440 5191.0000
1.1460 5173.0000
1.1480 5155.0000
1.1500 5137.0000
1.1520 5119.0000
1.1540 5101.0000
1.1560 5083.0000
1.1580 5065.0000
1.1600 5048.0000
1.1620 5030.0000
1.1640 5012.0000
1.1660 4994.0000
1.1680 4977.0000
1.1700 4959.0000
1.1720 4942.0000
1.1740 4924.0000
1.1760 4907.0000
1.1780 4890.0000
1.1800 4872.0000
1.1820 4855.0000
1.1840 4838.0000
1.1860 4821.0000
1.1880 4803.0000
1.1900 4786.0000
1.1920 4769.0000
1.1940 4752.0000
1.1960 4735.0000
1.1980 4718.0000
1.2000 4702.0000
1.2020 4685.0000
1.2040 4668.0000
1.2060 4651.0000
1.2080 4634.0000
1.2100 4618.0000
1.2120 4601.0000
1.2140 4585.0000
1.2160 4568.0000
1.2180 4552.0000
1.2200 4535.0000
1.2220 4519.0000
1.2240 4503.0000
1.2260 4486.0000
1.2280 4470.0000
1.2300 4454.0000
1.2320 4438.0000
1.2340 4421.0000
1.2360 4405.0000
1.2380 4389.0000
1.2400 4373.0000
1.2420 4357.0000
1.2440 4341.0000
1.2460 4325.0000
1.2480 4310.0000
1.2500 4294.0000
1.2520 4278.0000
1.2540 4262.0000
1.2560 4247.0000
1.2580 4231.0000
1.2600 4215.0000
1.2620 4200.0000
1.2640 4184.0000
1.2660 4169.0000
1.2680 4153.0000
1.2700 4138.0000
1.2720 4122.0000
1.2740 4107.0000
1.2760 4092.0000
1.2780 4076.0000
1.2800 4061.0000
1.2820 4046.0000
1.2840 4031.0000
1.2860 4016.0000
1.2880 4001.0000
1.2900 3986.0000
1.2920 3971.0000
1.2940 3956.0000
1.2960 3941.0000
1.2980 3926.0000
1.3000 3911.0000
1.3020 3896.0000
1.3040 3881.0000
1.3060 3866.0000
1.3080 3852.0000
1.3100 3837.0000
1.3120 3822.0000
1.3140 3808.0000
1.3160 3793.0000
1.3180 3778.0000
1.3200 3764.0000
1.3220 3749.0000
1.3240 3735.0000
1.3260 3721.0000
1.3280 3706.0000
1.3300 3692.0000
1.3320 3677.0000
1.3340 3663.0000
1.3360 3649.0000
1.3380 3635.0000
1.3400 3620.0000
1.3420 3606.0000
1.3440 3592.0000
1.3460 3578.0000
1.3480 3564.0000
1.3500 3550.0000
1.3520 3536.0000
1.3540 3522.0000
1.3560 3508.0000
1.3580 3494.0000
1.3600 3480.0000
1.3620 3466.0000
1.3640 3452.0000
1.3660 3439.0000
1.3680 3425.0000
1.3700 3411.0000
1.3720 3397.0000
1.3740 3384.0000
1.3760 3370.0000
1.3780 3357.0000
1.3800 3343.0000
1.3820 3329.0000
1.3840 3316.0000
1.3860 3302.0000
1.3880 3289.0000
1.3900 3275.0000
1.3920 3262.0000
1.3940 3249.0000
1.3960 3235.0000
1.3980 3222.0000
1.4000 3209.0000
1.4020 3195.0000
1.4040 3182.0000
1.4060 3169.0000
1.4080 3156.0000
1.4100 3143.0000
1.4120 3130.0000
1.4140 3116.0000
1.4160 3103.0000
1.4180 3090.0000
1.4200 3077.0000
1.4220 3064.0000
1.4240 3051.0000
1.4260 3038.0000
1.4280 3025.0000
1.4300 3013.0000
1.4320 3000.0000
1.4340 2987.0000
1.4360 2974.0000
1.4380 2961.0000
1.4400 2949.0000
1.4420 2936.0000
1.4440 2923.0000
1.4460 2910.0000
1.4480 2898.0000
1.4500 2885.0000
1.4520 2872.0000
1.4540 2860.0000
1.4560 2847.0000
1.4580 2835.0000
1.4600 2822.0000
1.4620 2810.0000
1.4640 2797.0000
1.4660 2785.0000
1.4680 2773.0000
1.4700 2760.0000
1.4720 2748.0000
1.4740 2735.0000
1.4760 2723.0000
1.4780 2711.0000
1.4800 2699.0000
1.4820 2686.0000
1.4840 2674.0000
1.4860 2662.0000
1.4880 2650.0000
1.4900 2638.0000
1.4920 2625.0000
1.4940 2613.0000
1.4960 2601.0000
1.4980 2589.0000
1.5000 2577.0000
1.5020 2565.0000
1.5040 2553.0000
1.5060 2541.0000
1.5080 2529.0000
1.5100 2517.0000
1.5120 2505.0000
1.5140 2494.0000
1.5160 2482.0000
1.5180 2470.0000
1.5200 2458.0000
1.5220 2446.0000
1.5240 2434.0000
1.5260 2423.0000
1.5280 2411.0000
1.5300 2399.0000
1.5320 2388.0000
1.5340 2376.0000
1.5360 2364.0000
1.5380 2353.0000
1.5400 2341.0000
1.5420 2329.0000
1.5440 2318.0000
1.5460 2306.0000
1.5480 2295.0000
1.5500 2283.0000
1.5520 2272.0000
1.5540 2260.0000
1.5560 2249.0000
1.5580 2237.0000
1.5600 2226.0000
1.5620 2215.0000
1.5640 2203.0000
1.5660 2192.0000
1.5680 2181.0000
1.5700 2169.0000
1.5720 2158.0000
1.5740 2147.0000
1.5760 2135.0000
1.5780 2124.0000
1.5800 2113.0000
1.5820 2102.0000
1.5840 2091.0000
1.5860 2079.0000
1.5880 2068.0000
1.5900 2057.0000
1.5920 2046.0000
1.5940 2035.0000
1.5960 2024.0000
1.5980 2013.0000
1.6000 2002.0000
1.6020 1991.0000
1.6040 1980.0000
1.6060 1969.0000
1.6080 1958.0000
1.6100 1947.0000
1.6120 1936.0000
1.6140 1925.0000
1.6160 1914.0000
1.6180 1903.0000
1.6200 1892.0000
1.6220 1881.0000
1.6240 1870.0000
1.6260 1860.0000
1.6280 1849.0000
1.6300 1838.0000
1.6320 1827.0000
1.6340 1816.0000
1.6360 1806.0000
1.6380 1795.0000
1.6400 1784.0000
1.6420 1774.0000
1.6440 1763.0000
1.6460 1752.0000
1.6480 1742.0000
1.6500 1731.0000
1.6520 1720.0000
1.6540 1710.0000
1.6560 1699.0000
1.6580 1688.0000
1.6600 1678.0000
1.6620 1667.0000
1.6640 1657.0000
1.6660 1646.0000
1.6680 1636.0000
1.6700 1625.0000
1.6720 1615.0000
1.6740 1604.0000
1.6760 1594.0000
1.6780 1583.0000
1.6800 1573.0000
1.6820 1563.0000
1.6840 1552.0000
1.6860 1542.0000
1.6880 1531.0000
1.6900 1521.0000
1.6920 1511.0000
1.6940 1500.0000
1.6960 1490.0000
1.6980 1480.0000
1.7000 1469.0000
1.7020 1459.0000
1.7040 1449.0000
1.7060 1438.0000
1.7080 1428.0000
1.7100 1418.0000
1.7120 1408.0000
1.7140 1398.0000
1.7160 1387.0000
1.7180 1377.0000
1.7200 1367.0000
1.7220 1357.0000
1.7240 1347.0000
1.7260 1336.0000
1.7280 1326.0000
1.7300 1316.0000
1.7320 1306.0000
1.7340 1296.0000
1.7360 1286.0000
1.7380 1276.0000
1.7400 1266.0000
1.7420 1255.0000
1.7440 1245.0000
1.7460 1235.0000
1.7480 1225.0000
1.7500 1215.0000
1.7520 1205.0000
1.7540 1195.0000
1.7560 1185.0000
1.7580 1175.0000
1.7600 1165.0000
1.7620 1155.0000
1.7640 1145.0000
1.7660 1135.0000
1.7680 1125.0000
1.7700 1115.0000
1.7720 1105.0000
1.7740 1095.0000
1.7760 1085.0000
1.7780 1075.0000
1.7800 1065.0000
1.7820 1056.0000
1.7840 1046.0000
1.7860 1036.0000
1.7880 1026.0000
1.7900 1016.0000
1.7920 1006.0000
1.7940 996.0000
1.7960 986.0000
1.7980 976.0000
1.8000 966.0000
1.8020 957.0000
1.8040 947.0000
1.8060 937.0000
1.8080 927.0000
1.8100 917.0000
1.8120 907.0000
1.8140 897.0000
1.8160 887.0000
1.8180 877.0000
1.8200 868.0000
1.8220 858.0000
1.8240 848.0000
1.8260 838.0000
1.8280 828.0000
1.8300 818.0000
1.8320 808.0000
1.8340 798.0000
1.8360 789.0000
1.8380 779.0000
1.8400 769.0000
1.8420 759.0000
1.8440 749.0000
1.8460 739.0000
1.8480 729.0000
1.8500 719.0000
1.8520 709.0000
1.8540 699.0000
1.8560 689.0000
1.8580 679.0000
1.8600 669.0000
1.8620 659.0000
1.8640 649.0000
1.8660 639.0000
1.8680 629.0000
1.8700 619.0000
1.8720 609.0000
1.8740 599.0000
1.8760 589.0000
1.8780 579.0000
1.8800 569.0000
1.8820 558.0000
1.8840 548.0000
1.8860 538.0000
1.8880 527.0000
1.8900 517.0000
1.8920 507.0000
1.8940 496.0000
1.8960 486.0000
1.8980 475.0000
1.9000 464.0000
1.9020 454.0000
1.9040 443.0000
1.9060 432.0000
1.9080 421.0000
1.9100 410.0000
1.9120 399.0000
1.9140 387.0000
1.9160 376.0000
1.9180 364.0000
1.9200 352.0000
1.9220 340.0000
1.9240 328.0000
1.9260 315.0000
1.9280 302.0000
1.9300 288.0000
1.9320 273.0000
1.9340 258.0000
1.9360 240.0000
1.9380 219.0000
1.9400 189.0000
1.9420 147.0000
1.9440 119.0000
1.9460 192.0000
1.9480 174.0000
1.9500 168.0000
1.9520 161.0000
1.9540 152.0000
1.9560 208.0000
1.9580 196.0000
1.9600 190.0000
1.9620 250.0000
1.9640 247.0000
1.9660 240.0000
1.9680 232.0000
1.9700 225.0000
1.9720 219.0000
1.9740 214.0000
1.9760 328.0000
1.9780 315.0000
1.9800 309.0000
1.9820 305.0000
1.9840 414.0000
1.9860 411.0000
1.9880 258.0000
1.9900 405.0000
1.9920 543.0000
1.9940 901.0000
1.9960 1293.0000
1.9980 2525.0000
