288.0000
282.0000
1071.0000
407.0000
481.0000
289.0000
1034.0000
95.0000
396.0000
985.0000
636.0000
3538.0000
294.0000
415.0000
343.0000
824.0000
997.0000
368.0000
196.0000
3184.0000
276.0000
939.0000
673.0000
403.0000
1068.0000
1129.0000
1954.0000
395.0000
483.0000
933.0000
611.0000
1878.0000
1391.0000
268.0000
1227.0000
810.0000
618.0000
450.0000
1925.0000
357.0000
172.0000
177.0000
1187.0000
775.0000
252.0000
244.0000
245.0000
1329.0000
380.0000
923.0000
713.0000
473.0000
523.0000
513.0000
708.0000
325.0000
1164.0000
713.0000
585.0000
1094.0000
407.0000
540.0000
484.0000
531.0000
405.0000
1113.0000
281.0000
555.0000
878.0000
678.0000
240.0000
1468.0000
349.0000
313.0000
609.0000
392.0000
1349.0000
489.0000
354.0000
439.0000
224.0000
1842.0000
2234.0000
632.0000
698.0000
261.0000
538.0000
981.0000
290.0000
441.0000
1094.0000
1141.0000
412.0000
1031.0000
631.0000
2277.0000
2336.0000
