0.127068
0.124835
0.122251
0.119915
0.117290
0.115883
0.113373
0.110473
0.107399
0.106075
0.104020
0.100765
0.098419
0.096818
0.091408
0.091670
0.087981
0.085418
0.083805
0.081712
0.078322
0.075885
0.071405
0.070675
0.065562
0.063520
0.060058
0.057970
0.053780
0.049078
0.045866
0.043788
0.038702
0.034770
0.000000
0.000000
0.000000
0.000000
0.000000
0.000000
0.000000
0.000000
0.000000
0.000000
0.000000
0.000000
0.000000
0.000000
0.000000
0.000000
0.000000
0.000000
0.000000
0.000000
0.000000
0.000000
0.000000
0.000000
0.000000
0.000000
0.000000
0.000000
0.000000
0.000000
0.000000
0.000000
0.000000
0.000000
0.000000
0.000000
0.000000
0.000000
0.000000
0.000000
0.000000
0.000000
0.000000
0.000000
0.000000
0.000000
0.000000
0.000000
0.000000
0.000000
0.000000
0.000000
0.000000
0.000000
0.000000
0.000000
0.000000
0.000000
0.000000
0.000000
0.000000
0.000000
0.000000
0.000000
0.000000
0.000000
0.000000
