0.126905
0.124323
0.122967
0.120138
0.117216
0.114852
0.113588
0.111763
0.107909
0.105105
0.102887
0.100884
0.097888
0.096035
0.093748
0.090116
0.087159
0.084998
0.083580
0.080607
0.078840
0.076293
0.071990
0.069869
0.068274
0.062914
0.061593
0.059307
0.055335
0.050713
0.047860
0.042889
0.039006
0.036407
0.033339
0.000000
0.000000
0.000000
0.000000
0.000000
0.000000
0.000000
0.000000
0.000000
0.000000
0.000000
0.000000
0.000000
0.000000
0.000000
0.000000
0.000000
0.000000
0.000000
0.000000
0.000000
0.000000
0.000000
0.000000
0.000000
0.000000
0.000000
0.000000
0.000000
0.000000
0.000000
0.000000
0.000000
0.000000
0.000000
0.000000
0.000000
0.000000
0.000000
0.000000
0.000000
0.000000
0.000000
0.000000
0.000000
0.000000
0.000000
0.000000
0.000000
0.000000
0.000000
0.000000
0.000000
0.000000
0.000000
0.000000
0.000000
0.000000
0.000000
0.000000
0.000000
0.000000
0.000000
0.000000
0.000000
0.000000
