0.126898
0.124094
0.122283
0.119825
0.117470
0.115305
0.113162
0.110764
0.108396
0.105393
0.103408
0.101814
0.097705
0.097150
0.094071
0.090873
0.087872
0.084564
0.082943
0.080769
0.077024
0.076173
0.071943
0.068100
0.066129
0.063456
0.058604
0.059015
0.054183
0.048747
0.045950
0.041699
0.040538
0.000000
0.000000
0.000000
0.000000
0.000000
0.000000
0.000000
0.000000
0.000000
0.000000
0.000000
0.000000
0.000000
0.000000
0.000000
0.000000
0.000000
0.000000
0.000000
0.000000
0.000000
0.000000
0.000000
0.000000
0.000000
0.000000
0.000000
0.000000
0.000000
0.000000
0.000000
0.000000
0.000000
0.000000
0.000000
0.000000
0.000000
0.000000
0.000000
0.000000
0.000000
0.000000
0.000000
0.000000
0.000000
0.000000
0.000000
0.000000
0.000000
0.000000
0.000000
0.000000
0.000000
0.000000
0.000000
0.000000
0.000000
0.000000
0.000000
0.000000
0.000000
0.000000
0.000000
0.000000
0.000000
0.000000
0.000000
0.000000
