0.126808
0.124586
0.121893
0.120568
0.118310
0.115074
0.111639
0.110767
0.110113
0.106892
0.103459
0.099369
0.098850
0.095961
0.094859
0.092307
0.089682
0.085354
0.085227
0.080113
0.077833
0.075220
0.071844
0.069472
0.068111
0.062867
0.057300
0.057714
0.054760
0.048679
0.046266
0.045608
0.038469
0.000000
0.000000
0.000000
0.000000
0.000000
0.000000
0.000000
0.000000
0.000000
0.000000
0.000000
0.000000
0.000000
0.000000
0.000000
0.000000
0.000000
0.000000
0.000000
0.000000
0.000000
0.000000
0.000000
0.000000
0.000000
0.000000
0.000000
0.000000
0.000000
0.000000
0.000000
0.000000
0.000000
0.000000
0.000000
0.000000
0.000000
0.000000
0.000000
0.000000
0.000000
0.000000
0.000000
0.000000
0.000000
0.000000
0.000000
0.000000
0.000000
0.000000
0.000000
0.000000
0.000000
0.000000
0.000000
0.000000
0.000000
0.000000
0.000000
0.000000
0.000000
0.000000
0.000000
0.000000
0.000000
0.000000
0.000000
0.000000
