0.126332
0.123757
0.122189
0.120042
0.117350
0.115496
0.112896
0.110741
0.107912
0.105440
0.102610
0.101420
0.098164
0.095775
0.093820
0.090073
0.087524
0.083959
0.084158
0.078681
0.078778
0.074172
0.074832
0.070407
0.067127
0.061977
0.058202
0.055987
0.052811
0.049781
0.045474
0.043112
0.036577
0.034972
0.000000
0.000000
0.000000
0.000000
0.000000
0.000000
0.000000
0.000000
0.000000
0.000000
0.000000
0.000000
0.000000
0.000000
0.000000
0.000000
0.000000
0.000000
0.000000
0.000000
0.000000
0.000000
0.000000
0.000000
0.000000
0.000000
0.000000
0.000000
0.000000
0.000000
0.000000
0.000000
0.000000
0.000000
0.000000
0.000000
0.000000
0.000000
0.000000
0.000000
0.000000
0.000000
0.000000
0.000000
0.000000
0.000000
0.000000
0.000000
0.000000
0.000000
0.000000
0.000000
0.000000
0.000000
0.000000
0.000000
0.000000
0.000000
0.000000
0.000000
0.000000
0.000000
0.000000
0.000000
0.000000
0.000000
0.000000
