552.0000
858.0000
348.0000
896.0000
1109.0000
565.0000
489.0000
571.0000
496.0000
371.0000
175.0000
395.0000
185.0000
522.0000
1741.0000
261.0000
312.0000
401.0000
605.0000
297.0000
834.0000
580.0000
962.0000
1859.0000
312.0000
933.0000
309.0000
884.0000
1449.0000
361.0000
1122.0000
573.0000
1144.0000
208.0000
193.0000
989.0000
549.0000
768.0000
570.0000
1993.0000
736.0000
1310.0000
233.0000
509.0000
1122.0000
559.0000
2293.0000
476.0000
253.0000
542.0000
442.0000
344.0000
1488.0000
685.0000
559.0000
1043.0000
709.0000
403.0000
1720.0000
151.0000
435.0000
259.0000
1073.0000
797.0000
168.0000
713.0000
614.0000
387.0000
617.0000
464.0000
642.0000
756.0000
1561.0000
437.0000
542.0000
217.0000
602.0000
725.0000
637.0000
364.0000
1340.0000
248.0000
279.0000
1099.0000
1533.0000
1224.0000
1487.0000
512.0000
776.0000
588.0000
287.0000
866.0000
417.0000
390.0000
694.0000
372.0000
1521.0000
352.0000
913.0000
1667.0000
1811.0000
1088.0000
385.0000
346.0000
407.0000
757.0000
655.0000
502.0000
975.0000
693.0000
119.0000
775.0000
2352.0000
400.0000
902.0000
1516.0000
320.0000
218.0000
519.0000
790.0000
764.0000
1311.0000
916.0000
663.0000
165.0000
1361.0000
756.0000
544.0000
585.0000
2408.0000
1011.0000
421.0000
273.0000
673.0000
464.0000
341.0000
479.0000
336.0000
1240.0000
576.0000
955.0000
438.0000
900.0000
371.0000
1137.0000
493.0000
272.0000
489.0000
860.0000
352.0000
902.0000
696.0000
788.0000
299.0000
598.0000
1143.0000
702.0000
649.0000
294.0000
172.0000
684.0000
835.0000
483.0000
328.0000
453.0000
680.0000
932.0000
694.0000
1346.0000
881.0000
1186.0000
375.0000
2519.0000
340.0000
985.0000
458.0000
853.0000
862.0000
1196.0000
654.0000
928.0000
234.0000
324.0000
1188.0000
532.0000
586.0000
866.0000
2069.0000
1371.0000
4987.0000
1550.0000
281.0000
412.0000
1363.0000
1071.0000
266.0000
464.0000
1320.0000
823.0000
247.0000
1833.0000
517.0000
525.0000
1516.0000
3231.0000
615.0000
790.0000
1002.0000
1053.0000
698.0000
1215.0000
605.0000
489.0000
646.0000
790.0000
1433.0000
847.0000
974.0000
261.0000
1641.0000
293.0000
1006.0000
2603.0000
1130.0000
182.0000
193.0000
504.0000
347.0000
782.0000
266.0000
957.0000
750.0000
250.0000
728.0000
1517.0000
413.0000
468.0000
358.0000
789.0000
658.0000
1002.0000
766.0000
888.0000
517.0000
1360.0000
378.0000
1990.0000
1262.0000
337.0000
880.0000
1035.0000
227.0000
681.0000
1036.0000
226.0000
446.0000
218.0000
336.0000
1412.0000
164.0000
890.0000
835.0000
316.0000
1916.0000
253.0000
838.0000
1103.0000
453.0000
2036.0000
195.0000
373.0000
541.0000
352.0000
362.0000
852.0000
291.0000
822.0000
468.0000
353.0000
198.0000
648.0000
1080.0000
605.0000
1276.0000
1152.0000
979.0000
611.0000
1936.0000
991.0000
272.0000
2465.0000
2182.0000
796.0000
418.0000
1489.0000
620.0000
212.0000
964.0000
344.0000
502.0000
790.0000
431.0000
666.0000
1167.0000
767.0000
404.0000
586.0000
923.0000
1487.0000
629.0000
637.0000
550.0000
537.0000
3169.0000
1015.0000
2687.0000
1208.0000
276.0000
1252.0000
472.0000
921.0000
2140.0000
1439.0000
1669.0000
472.0000
2070.0000
1351.0000
965.0000
1694.0000
1274.0000
459.0000
363.0000
385.0000
500.0000
738.0000
553.0000
845.0000
419.0000
416.0000
209.0000
1383.0000
661.0000
599.0000
1040.0000
648.0000
1236.0000
331.0000
2097.0000
2168.0000
1177.0000
845.0000
330.0000
360.0000
1189.0000
998.0000
825.0000
1650.0000
260.0000
238.0000
552.0000
488.0000
1193.0000
715.0000
2154.0000
1063.0000
217.0000
1060.0000
361.0000
335.0000
631.0000
261.0000
2251.0000
311.0000
565.0000
436.0000
432.0000
305.0000
370.0000
655.0000
940.0000
484.0000
1524.0000
487.0000
1037.0000
445.0000
359.0000
2478.0000
1769.0000
1012.0000
688.0000
1450.0000
255.0000
1174.0000
933.0000
1170.0000
835.0000
569.0000
192.0000
590.0000
118.0000
700.0000
216.0000
340.0000
1232.0000
656.0000
352.0000
430.0000
1508.0000
865.0000
1646.0000
410.0000
894.0000
696.0000
324.0000
927.0000
235.0000
445.0000
873.0000
1489.0000
1015.0000
1643.0000
604.0000
659.0000
1362.0000
530.0000
889.0000
1040.0000
1017.0000
1525.0000
281.0000
609.0000
1161.0000
865.0000
565.0000
295.0000
723.0000
1035.0000
2824.0000
419.0000
456.0000
1705.0000
1858.0000
447.0000
2274.0000
570.0000
522.0000
442.0000
432.0000
916.0000
511.0000
382.0000
814.0000
608.0000
2330.0000
274.0000
2075.0000
248.0000
433.0000
260.0000
531.0000
450.0000
609.0000
366.0000
840.0000
1706.0000
616.0000
373.0000
648.0000
1734.0000
484.0000
536.0000
782.0000
495.0000
667.0000
1025.0000
1110.0000
1039.0000
585.0000
1563.0000
1044.0000
1272.0000
1276.0000
625.0000
242.0000
2190.0000
669.0000
468.0000
530.0000
789.0000
331.0000
515.0000
276.0000
308.0000
300.0000
215.0000
855.0000
1737.0000
1066.0000
1025.0000
1789.0000
684.0000
1005.0000
924.0000
2225.0000
1934.0000
1850.0000
826.0000
531.0000
1298.0000
957.0000
248.0000
640.0000
580.0000
660.0000
586.0000
871.0000
2153.0000
1684.0000
474.0000
2404.0000
414.0000
897.0000
328.0000
547.0000
1469.0000
389.0000
1830.0000
510.0000
165.0000
2536.0000
765.0000
484.0000
326.0000
565.0000
1334.0000
577.0000
1364.0000
634.0000
314.0000
556.0000
592.0000
435.0000
969.0000
1196.0000
233.0000
1936.0000
618.0000
1463.0000
320.0000
346.0000
1489.0000
1015.0000
267.0000
2770.0000
323.0000
528.0000
777.0000
1101.0000
254.0000
620.0000
2322.0000
457.0000
529.0000
2105.0000
873.0000
1383.0000
3141.0000
415.0000
778.0000
845.0000
310.0000
3677.0000
397.0000
1264.0000
779.0000
271.0000
324.0000
412.0000
179.0000
445.0000
2175.0000
374.0000
794.0000
416.0000
2321.0000
368.0000
1071.0000
2347.0000
563.0000
322.0000
470.0000
582.0000
906.0000
798.0000
580.0000
198.0000
488.0000
372.0000
466.0000
198.0000
289.0000
1096.0000
3008.0000
449.0000
1114.0000
1182.0000
1242.0000
1007.0000
1071.0000
738.0000
1379.0000
986.0000
325.0000
731.0000
482.0000
1169.0000
536.0000
123.0000
1214.0000
1147.0000
573.0000
1064.0000
898.0000
652.0000
573.0000
315.0000
686.0000
650.0000
1640.0000
439.0000
199.0000
1394.0000
1194.0000
425.0000
628.0000
886.0000
209.0000
1016.0000
1193.0000
337.0000
1475.0000
313.0000
651.0000
856.0000
725.0000
406.0000
2650.0000
836.0000
1129.0000
791.0000
1488.0000
1740.0000
2837.0000
527.0000
874.0000
740.0000
506.0000
308.0000
1285.0000
1334.0000
1015.0000
1467.0000
2284.0000
522.0000
592.0000
834.0000
1020.0000
1174.0000
1658.0000
837.0000
796.0000
1302.0000
324.0000
649.0000
1288.0000
2088.0000
1319.0000
426.0000
1894.0000
917.0000
740.0000
1653.0000
554.0000
900.0000
1297.0000
425.0000
1542.0000
284.0000
791.0000
657.0000
776.0000
1771.0000
284.0000
359.0000
1102.0000
1431.0000
809.0000
822.0000
4791.0000
471.0000
565.0000
451.0000
257.0000
1995.0000
347.0000
870.0000
449.0000
1307.0000
523.0000
542.0000
1065.0000
1833.0000
679.0000
375.0000
996.0000
885.0000
1374.0000
675.0000
279.0000
524.0000
714.0000
282.0000
2378.0000
1762.0000
1257.0000
350.0000
2005.0000
1602.0000
526.0000
817.0000
427.0000
664.0000
1040.0000
442.0000
640.0000
2758.0000
585.0000
1857.0000
575.0000
421.0000
309.0000
452.0000
3201.0000
390.0000
500.0000
1322.0000
617.0000
911.0000
953.0000
1262.0000
240.0000
437.0000
761.0000
395.0000
176.0000
582.0000
372.0000
2173.0000
392.0000
575.0000
1069.0000
1393.0000
219.0000
830.0000
247.0000
910.0000
684.0000
484.0000
1720.0000
898.0000
653.0000
302.0000
495.0000
1752.0000
1184.0000
456.0000
269.0000
1747.0000
589.0000
860.0000
1154.0000
617.0000
995.0000
224.0000
609.0000
575.0000
966.0000
590.0000
2168.0000
537.0000
468.0000
614.0000
485.0000
488.0000
1096.0000
330.0000
277.0000
2312.0000
695.0000
174.0000
627.0000
2097.0000
805.0000
263.0000
354.0000
430.0000
254.0000
169.0000
655.0000
1352.0000
555.0000
1526.0000
1881.0000
729.0000
723.0000
213.0000
289.0000
1263.0000
1480.0000
3329.0000
229.0000
287.0000
1272.0000
584.0000
267.0000
1327.0000
461.0000
1372.0000
606.0000
1369.0000
697.0000
1631.0000
450.0000
564.0000
376.0000
1422.0000
1292.0000
1402.0000
1043.0000
2376.0000
812.0000
292.0000
754.0000
221.0000
1170.0000
468.0000
445.0000
965.0000
777.0000
760.0000
435.0000
852.0000
737.0000
2396.0000
1428.0000
575.0000
329.0000
1221.0000
479.0000
350.0000
333.0000
490.0000
879.0000
931.0000
1410.0000
851.0000
213.0000
522.0000
422.0000
933.0000
411.0000
1330.0000
1002.0000
417.0000
424.0000
618.0000
468.0000
275.0000
1076.0000
275.0000
518.0000
355.0000
502.0000
1860.0000
613.0000
725.0000
453.0000
258.0000
405.0000
666.0000
747.0000
480.0000
402.0000
333.0000
933.0000
1187.0000
468.0000
935.0000
1832.0000
3175.0000
1251.0000
279.0000
286.0000
285.0000
681.0000
773.0000
944.0000
1544.0000
606.0000
779.0000
623.0000
831.0000
309.0000
788.0000
336.0000
818.0000
310.0000
1370.0000
270.0000
1294.0000
669.0000
1451.0000
386.0000
583.0000
1958.0000
259.0000
749.0000
281.0000
730.0000
616.0000
1380.0000
718.0000
293.0000
597.0000
699.0000
637.0000
1242.0000
479.0000
2031.0000
1579.0000
279.0000
371.0000
619.0000
402.0000
890.0000
480.0000
1134.0000
718.0000
619.0000
531.0000
880.0000
800.0000
671.0000
726.0000
654.0000
479.0000
956.0000
2014.0000
755.0000
1462.0000
1249.0000
497.0000
907.0000
377.0000
616.0000
450.0000
445.0000
1161.0000
383.0000
455.0000
607.0000
503.0000
991.0000
969.0000
307.0000
1480.0000
623.0000
282.0000
871.0000
513.0000
493.0000
290.0000
1103.0000
