694.0000
2039.0000
413.0000
1636.0000
228.0000
1161.0000
631.0000
375.0000
260.0000
482.0000
499.0000
1603.0000
404.0000
313.0000
353.0000
402.0000
705.0000
1154.0000
573.0000
390.0000
1542.0000
627.0000
541.0000
2444.0000
530.0000
1028.0000
518.0000
569.0000
746.0000
479.0000
293.0000
298.0000
1299.0000
473.0000
407.0000
936.0000
385.0000
1177.0000
2037.0000
809.0000
364.0000
1006.0000
1243.0000
947.0000
397.0000
916.0000
3177.0000
620.0000
1940.0000
1208.0000
205.0000
395.0000
1711.0000
698.0000
632.0000
366.0000
672.0000
376.0000
638.0000
289.0000
675.0000
3630.0000
757.0000
792.0000
441.0000
523.0000
625.0000
204.0000
1396.0000
465.0000
750.0000
371.0000
447.0000
1178.0000
1220.0000
427.0000
575.0000
1715.0000
885.0000
844.0000
3353.0000
842.0000
3876.0000
752.0000
1636.0000
1959.0000
1244.0000
1017.0000
324.0000
581.0000
529.0000
996.0000
1851.0000
514.0000
1448.0000
241.0000
992.0000
474.0000
