881.0000
1535.0000
986.0000
1222.0000
621.0000
1795.0000
223.0000
455.0000
383.0000
1180.0000
189.0000
406.0000
358.0000
3117.0000
512.0000
811.0000
234.0000
2386.0000
865.0000
985.0000
428.0000
1135.0000
290.0000
1857.0000
848.0000
877.0000
185.0000
1067.0000
202.0000
200.0000
2215.0000
1375.0000
441.0000
1814.0000
742.0000
316.0000
1038.0000
850.0000
370.0000
2007.0000
306.0000
824.0000
606.0000
491.0000
576.0000
1061.0000
980.0000
1347.0000
504.0000
563.0000
539.0000
899.0000
649.0000
809.0000
856.0000
1289.0000
371.0000
331.0000
252.0000
594.0000
529.0000
212.0000
1025.0000
399.0000
1000.0000
1206.0000
697.0000
447.0000
452.0000
502.0000
1717.0000
2776.0000
624.0000
1049.0000
326.0000
434.0000
2797.0000
512.0000
374.0000
1733.0000
635.0000
314.0000
605.0000
2268.0000
1661.0000
554.0000
586.0000
1353.0000
189.0000
695.0000
1135.0000
1478.0000
629.0000
2001.0000
1275.0000
478.0000
316.0000
774.0000
